 400.0  6.04235  4.49993  5.71745  4.62005
 399.0  6.03717  4.49561  5.71406  4.61814
 398.0  6.03197  4.49124  5.71066  4.61624
 397.0  6.02677  4.48683  5.70727  4.61434
 396.0  6.02155  4.48238  5.70387  4.61245
 395.0  6.01632  4.47788  5.70046  4.61056
 394.0  6.01109  4.47333  5.69706  4.60868
 393.0  6.00583  4.46874  5.69365  4.60681
 392.0  6.00057  4.46411  5.69024  4.60494
 391.0  5.99529  4.45944  5.68682  4.60308
 390.0  5.99001  4.45472  5.6834   4.60122
 389.0  5.98471  4.44997  5.67998  4.59937
 388.0  5.97939  4.44516  5.67655  4.59752
 387.0  5.97407  4.44032  5.67313  4.59568
 386.0  5.96873  4.43544  5.6697   4.59385
 385.0  5.96337  4.43051  5.66626  4.59202
 384.0  5.95801  4.42554  5.66282  4.5902
 383.0  5.95262  4.42053  5.65938  4.58838
 382.0  5.94723  4.41549  5.65594  4.58657
 381.0  5.94182  4.4104   5.65249  4.58477
 380.0  5.9364   4.40527  5.64905  4.58297
 379.0  5.93096  4.4001   5.64559  4.58118
 378.0  5.9255   4.39489  5.64214  4.5794
 377.0  5.92004  4.38965  5.63868  4.57762
 376.0  5.91455  4.38436  5.63522  4.57584
 375.0  5.90905  4.37904  5.63176  4.57408
 374.0  5.90354  4.37368  5.62829  4.57232
 373.0  5.89801  4.36828  5.62482  4.57057
 372.0  5.89246  4.36285  5.62135  4.56882
 371.0  5.8869   4.35737  5.61787  4.56708
 370.0  5.88132  4.35187  5.61439  4.56535
 369.0  5.87572  4.34632  5.61091  4.56362
 368.0  5.87011  4.34074  5.60743  4.5619
 367.0  5.86448  4.33513  5.60394  4.56019
 366.0  5.85883  4.32948  5.60046  4.55848
 365.0  5.85316  4.32379  5.59696  4.55678
 364.0  5.84748  4.31808  5.59347  4.55509
 363.0  5.84178  4.31232  5.58997  4.5534
 362.0  5.83606  4.30654  5.58648  4.55172
 361.0  5.83032  4.30072  5.58297  4.55005
 360.0  5.82457  4.29488  5.57947  4.54838
 359.0  5.8188   4.289    5.57596  4.54672
 358.0  5.813    4.28308  5.57245  4.54507
 357.0  5.80719  4.27714  5.56894  4.54343
 356.0  5.80136  4.27117  5.56543  4.54179
 355.0  5.79551  4.26517  5.56191  4.54016
 354.0  5.78964  4.25914  5.55839  4.53854
 353.0  5.78375  4.25308  5.55487  4.53692
 352.0  5.77784  4.24699  5.55135  4.53531
 351.0  5.77191  4.24088  5.54782  4.53371
 350.0  5.76596  4.23474  5.54429  4.53212
 349.0  5.75999  4.22857  5.54076  4.53053
 348.0  5.754    4.22238  5.53723  4.52895
 347.0  5.74799  4.21616  5.53369  4.52738
 346.0  5.74196  4.20992  5.53015  4.52581
 345.0  5.73591  4.20365  5.52661  4.52426
 344.0  5.72984  4.19736  5.52307  4.52271
 343.0  5.72374  4.19105  5.51953  4.52116
 342.0  5.71763  4.18471  5.51598  4.51963
 341.0  5.71149  4.17836  5.51243  4.5181
 340.0  5.70533  4.17198  5.50888  4.51658
 339.0  5.69915  4.16558  5.50533  4.51507
 338.0  5.69295  4.15917  5.50178  4.51356
 337.0  5.68672  4.15274  5.49822  4.51206
 336.0  5.68047  4.14628  5.49466  4.51057
 335.0  5.6742   4.13982  5.4911   4.50909
 334.0  5.66791  4.13333  5.48754  4.50761
 333.0  5.6616   4.12683  5.48398  4.50615
 332.0  5.65526  4.12031  5.48041  4.50469
 331.0  5.6489   4.11379  5.47684  4.50323
 330.0  5.64252  4.10724  5.47327  4.50179
 329.0  5.63611  4.10069  5.4697   4.50035
 328.0  5.62968  4.09412  5.46613  4.49892
 327.0  5.62323  4.08755  5.46255  4.4975
 326.0  5.61675  4.08096  5.45898  4.49609
 325.0  5.61026  4.07436  5.4554   4.49468
 324.0  5.60373  4.06776  5.45182  4.49328
 323.0  5.59719  4.06115  5.44824  4.49189
 322.0  5.59062  4.05453  5.44465  4.49051
 321.0  5.58403  4.04791  5.44107  4.48913
 320.0  5.57741  4.04128  5.43748  4.48777
 319.0  5.57077  4.03465  5.4339   4.48641
 318.0  5.5641   4.02802  5.43031  4.48505
 317.0  5.55742  4.02138  5.42672  4.48371
 316.0  5.5507   4.01475  5.42312  4.48237
 315.0  5.54397  4.00811  5.41953  4.48105
 314.0  5.53721  4.00148  5.41594  4.47972
 313.0  5.53043  3.99485  5.41234  4.47841
 312.0  5.52362  3.98822  5.40874  4.47711
 311.0  5.51679  3.9816   5.40514  4.47581
 310.0  5.50993  3.97498  5.40154  4.47452
 309.0  5.50305  3.96837  5.39794  4.47324
 308.0  5.49615  3.96177  5.39434  4.47196
 307.0  5.48923  3.95517  5.39074  4.4707
 306.0  5.48227  3.94859  5.38713  4.46944
 305.0  5.4753   3.94201  5.38353  4.46819
 304.0  5.4683   3.93545  5.37992  4.46695
 303.0  5.46128  3.9289   5.37631  4.46571
 302.0  5.45424  3.92237  5.3727   4.46448
 301.0  5.44717  3.91585  5.36909  4.46327
 300.0  5.44008  3.90935  5.36548  4.46205
 299.0  5.43296  3.90286  5.36187  4.46085
 298.0  5.42582  3.8964   5.35826  4.45965
 297.0  5.41866  3.88995  5.35464  4.45847
 296.0  5.41147  3.88353  5.35103  4.45728
 295.0  5.40427  3.87713  5.34741  4.45611
 294.0  5.39704  3.87075  5.34379  4.45495
 293.0  5.38978  3.8644   5.34018  4.45379
 292.0  5.38251  3.85808  5.33656  4.45264
 291.0  5.37521  3.85178  5.33294  4.4515
 290.0  5.36789  3.84551  5.32932  4.45036
 289.0  5.36055  3.83927  5.3257   4.44924
 288.0  5.35318  3.83306  5.32208  4.44812
 287.0  5.3458   3.82689  5.31846  4.447
 286.0  5.33839  3.82074  5.31484  4.4459
 285.0  5.33096  3.81464  5.31122  4.4448
 284.0  5.32351  3.80857  5.30759  4.44371
 283.0  5.31604  3.80253  5.30397  4.44263
 282.0  5.30855  3.79654  5.30035  4.44156
 281.0  5.30104  3.79058  5.29672  4.44049
 280.0  5.29351  3.78467  5.2931   4.43943
 279.0  5.28596  3.7788   5.28947  4.43838
 278.0  5.27839  3.77297  5.28585  4.43734
 277.0  5.27081  3.76719  5.28222  4.4363
 276.0  5.2632   3.76145  5.2786   4.43527
 275.0  5.25557  3.75576  5.27497  4.43425
 274.0  5.24793  3.75012  5.27134  4.43323
 273.0  5.24027  3.74453  5.26772  4.43223
 272.0  5.23259  3.73898  5.26409  4.43122
 271.0  5.22489  3.7335   5.26046  4.43023
 270.0  5.21718  3.72806  5.25683  4.42925
 269.0  5.20945  3.72268  5.25321  4.42827
 268.0  5.20171  3.71735  5.24958  4.42729
 267.0  5.19395  3.71209  5.24595  4.42633
 266.0  5.18617  3.70688  5.24233  4.42537
 265.0  5.17838  3.70172  5.2387   4.42442
 264.0  5.17058  3.69663  5.23507  4.42348
 263.0  5.16276  3.6916   5.23144  4.42254
 262.0  5.15493  3.68664  5.22782  4.42161
 261.0  5.14708  3.68173  5.22419  4.42069
 260.0  5.13923  3.67689  5.22056  4.41977
 259.0  5.13136  3.67212  5.21693  4.41886
 258.0  5.12348  3.66741  5.21331  4.41796
 257.0  5.11558  3.66277  5.20968  4.41706
 256.0  5.10768  3.6582   5.20605  4.41617
 255.0  5.09977  3.6537   5.20243  4.41529
 254.0  5.09185  3.64927  5.1988   4.41441
 253.0  5.08392  3.64491  5.19518  4.41354
 252.0  5.07598  3.64062  5.19155  4.41268
 251.0  5.06803  3.63641  5.18793  4.41182
 250.0  5.06008  3.63227  5.1843   4.41097
 249.0  5.05212  3.62821  5.18068  4.41012
 248.0  5.04415  3.62422  5.17705  4.40929
 247.0  5.03618  3.62031  5.17343  4.40845
 246.0  5.0282   3.61647  5.16981  4.40763
 245.0  5.02022  3.61271  5.16619  4.40681
 244.0  5.01224  3.60904  5.16256  4.40599
 243.0  5.00425  3.60544  5.15894  4.40519
 242.0  4.99626  3.60192  5.15532  4.40438
 241.0  4.98826  3.59848  5.1517   4.40359
 240.0  4.98027  3.59513  5.14808  4.4028
 239.0  4.97228  3.59185  5.14446  4.40201
 238.0  4.96428  3.58866  5.14084  4.40123
 237.0  4.95629  3.58555  5.13723  4.40046
 236.0  4.94829  3.58253  5.13361  4.39969
 235.0  4.9403   3.57959  5.12999  4.39893
 234.0  4.93231  3.57673  5.12638  4.39817
 233.0  4.92432  3.57396  5.12276  4.39742
 232.0  4.91634  3.57127  5.11915  4.39667
 231.0  4.90836  3.56867  5.11553  4.39593
 230.0  4.90039  3.56615  5.11192  4.39519
 229.0  4.89242  3.56372  5.10831  4.39446
 228.0  4.88446  3.56138  5.1047   4.39374
 227.0  4.87651  3.55912  5.10109  4.39302
 226.0  4.86856  3.55695  5.09748  4.3923
 225.0  4.86063  3.55487  5.09387  4.39159
 224.0  4.8527   3.55287  5.09026  4.39088
 223.0  4.84478  3.55097  5.08666  4.39018
 222.0  4.83687  3.54914  5.08305  4.38948
 221.0  4.82898  3.54741  5.07944  4.38879
 220.0  4.82109  3.54576  5.07584  4.3881
 219.0  4.81322  3.5442   5.07224  4.38742
 218.0  4.80536  3.54273  5.06863  4.38674
 217.0  4.79751  3.54134  5.06503  4.38606
 216.0  4.78968  3.54005  5.06143  4.38539
 215.0  4.78186  3.53883  5.05783  4.38472
 214.0  4.77406  3.53771  5.05424  4.38406
 213.0  4.76628  3.53667  5.05064  4.3834
 212.0  4.75851  3.53571  5.04704  4.38274
 211.0  4.75076  3.53485  5.04345  4.38209
 210.0  4.74303  3.53407  5.03985  4.38144
 209.0  4.73532  3.53337  5.03626  4.38079
 208.0  4.72762  3.53276  5.03267  4.38015
 207.0  4.71995  3.53223  5.02908  4.37951
 206.0  4.7123   3.53179  5.02549  4.37888
 205.0  4.70467  3.53143  5.0219   4.37824
 204.0  4.69706  3.53115  5.01831  4.37762
 203.0  4.68947  3.53096  5.01472  4.37699
 202.0  4.68191  3.53084  5.01114  4.37636
 201.0  4.67437  3.53081  5.00755  4.37574
 200.0  4.66686  3.53086  5.00397  4.37513
 199.0  4.65937  3.53099  5.00039  4.37451
 198.0  4.65191  3.5312   4.99681  4.3739
 197.0  4.64447  3.53149  4.99323  4.37328
 196.0  4.63706  3.53186  4.98965  4.37268
 195.0  4.62967  3.5323   4.98607  4.37207
 194.0  4.62232  3.53282  4.98249  4.37146
 193.0  4.61499  3.53342  4.97892  4.37086
 192.0  4.60769  3.53409  4.97534  4.37026
 191.0  4.60042  3.53484  4.97177  4.36966
 190.0  4.59319  3.53566  4.9682   4.36906
 189.0  4.58598  3.53655  4.96462  4.36846
 188.0  4.5788   3.53752  4.96105  4.36787
 187.0  4.57165  3.53855  4.95749  4.36727
 186.0  4.56454  3.53966  4.95392  4.36668
 185.0  4.55746  3.54083  4.95035  4.36609
 184.0  4.55041  3.54207  4.94678  4.3655
 183.0  4.54339  3.54338  4.94322  4.3649
 182.0  4.53641  3.54475  4.93965  4.36431
 181.0  4.52946  3.54619  4.93609  4.36372
 180.0  4.52255  3.54769  4.93253  4.36313
 179.0  4.51567  3.54925  4.92897  4.36254
 178.0  4.50883  3.55088  4.92541  4.36195
 177.0  4.50202  3.55256  4.92185  4.36136
 176.0  4.49525  3.5543   4.91829  4.36077
 175.0  4.48851  3.55611  4.91473  4.36018
 174.0  4.48182  3.55796  4.91117  4.35959
 173.0  4.47516  3.55987  4.90762  4.35899
 172.0  4.46853  3.56184  4.90406  4.3584
 171.0  4.46195  3.56386  4.90051  4.3578
 170.0  4.4554   3.56593  4.89695  4.35721
 169.0  4.44889  3.56805  4.8934   4.35661
 168.0  4.44242  3.57021  4.88985  4.35601
 167.0  4.43599  3.57243  4.8863   4.3554
 166.0  4.4296   3.57469  4.88275  4.3548
 165.0  4.42325  3.57699  4.8792   4.35419
 164.0  4.41693  3.57934  4.87565  4.35358
 163.0  4.41066  3.58173  4.8721   4.35297
 162.0  4.40443  3.58416  4.86855  4.35236
 161.0  4.39824  3.58662  4.865    4.35174
 160.0  4.39209  3.58912  4.86145  4.35112
 159.0  4.38598  3.59166  4.8579   4.35049
 158.0  4.37991  3.59423  4.85435  4.34986
 157.0  4.37388  3.59684  4.85081  4.34923
 156.0  4.36789  3.59947  4.84726  4.34859
 155.0  4.36194  3.60213  4.84371  4.34795
 154.0  4.35604  3.60482  4.84016  4.3473
 153.0  4.35018  3.60754  4.83662  4.34665
 152.0  4.34436  3.61028  4.83307  4.34599
 151.0  4.33858  3.61304  4.82952  4.34532
 150.0  4.33284  3.61582  4.82597  4.34465
 149.0  4.32714  3.61862  4.82243  4.34398
 148.0  4.32149  3.62144  4.81888  4.34329
 147.0  4.31588  3.62427  4.81533  4.3426
 146.0  4.31031  3.62712  4.81178  4.3419
 145.0  4.30478  3.62998  4.80823  4.3412
 144.0  4.29929  3.63285  4.80468  4.34048
 143.0  4.29385  3.63573  4.80112  4.33976
 142.0  4.28844  3.63861  4.79757  4.33903
 141.0  4.28308  3.6415   4.79402  4.33828
 140.0  4.27776  3.6444   4.79046  4.33753
 139.0  4.27249  3.64729  4.7869   4.33677
 138.0  4.26725  3.65019  4.78335  4.336
 137.0  4.26206  3.65308  4.77979  4.33521
 136.0  4.2569   3.65597  4.77623  4.33442
 135.0  4.25179  3.65885  4.77266  4.33361
 134.0  4.24672  3.66173  4.7691   4.33279
 133.0  4.24169  3.66459  4.76553  4.33195
 132.0  4.2367   3.66745  4.76196  4.33111
 131.0  4.23175  3.67029  4.75839  4.33024
 130.0  4.22684  3.67312  4.75481  4.32936
 129.0  4.22197  3.67593  4.75123  4.32847
 128.0  4.21715  3.67873  4.74765  4.32756
 127.0  4.21236  3.6815   4.74407  4.32663
 126.0  4.20761  3.68426  4.74048  4.32568
 125.0  4.2029   3.68699  4.73689  4.32472
 124.0  4.19822  3.6897   4.7333   4.32373
 123.0  4.19359  3.69238  4.7297   4.32273
 122.0  4.18899  3.69504  4.72609  4.3217
 121.0  4.18444  3.69766  4.72248  4.32065
 120.0  4.17992  3.70026  4.71887  4.31957
 119.0  4.17543  3.70282  4.71525  4.31848
 118.0  4.17099  3.70535  4.71163  4.31735
 117.0  4.16658  3.70785  4.708    4.3162
 116.0  4.1622   3.71031  4.70436  4.31503
 115.0  4.15786  3.71273  4.70072  4.31382
 114.0  4.15356  3.71511  4.69707  4.31258
 113.0  4.14929  3.71745  4.69341  4.31132
 112.0  4.14506  3.71976  4.68975  4.31002
 111.0  4.14086  3.72202  4.68607  4.30868
 110.0  4.13669  3.72423  4.68239  4.30731
 109.0  4.13256  3.72641  4.6787   4.3059
 108.0  4.12846  3.72853  4.675    4.30446
 107.0  4.12439  3.73062  4.67129  4.30297
 106.0  4.12035  3.73265  4.66757  4.30144
 105.0  4.11634  3.73464  4.66383  4.29987
 104.0  4.11236  3.73658  4.66009  4.29825
 103.0  4.10842  3.73847  4.65633  4.29658
 102.0  4.1045   3.74032  4.65256  4.29486
 101.0  4.10061  3.74211  4.64878  4.29309
 100.0  4.09675  3.74386  4.64498  4.29126
  99.0  4.09292  3.74556  4.64116  4.28938
  98.0  4.08912  3.7472   4.63733  4.28744
  97.0  4.08534  3.7488   4.63348  4.28543
  96.0  4.08159  3.75035  4.62962  4.28336
  95.0  4.07786  3.75185  4.62573  4.28122
  94.0  4.07416  3.75331  4.62183  4.279
  93.0  4.07048  3.75471  4.6179   4.27672
  92.0  4.06683  3.75607  4.61395  4.27435
  91.0  4.0632   3.75737  4.60998  4.2719
  90.0  4.0596   3.75864  4.60598  4.26937
  89.0  4.05601  3.75985  4.60195  4.26674
  88.0  4.05245  3.76103  4.5979   4.26402
  87.0  4.04891  3.76216  4.59382  4.2612
  86.0  4.04539  3.76324  4.58971  4.25828
  85.0  4.04189  3.76429  4.58556  4.25525
  84.0  4.03841  3.76529  4.58138  4.2521
  83.0  4.03495  3.76625  4.57717  4.24883
  82.0  4.03151  3.76717  4.57291  4.24544
  81.0  4.02809  3.76806  4.56861  4.24191
  80.0  4.02469  3.76891  4.56427  4.23825
  79.0  4.0213   3.76972  4.55989  4.23444
  78.0  4.01793  3.77049  4.55545  4.23047
  77.0  4.01458  3.77123  4.55097  4.22634
  76.0  4.01124  3.77193  4.54643  4.22205
  75.0  4.00792  3.7726   4.54183  4.21757
  74.0  4.00461  3.77323  4.53717  4.2129
  73.0  4.00132  3.77383  4.53245  4.20803
  72.0  3.99805  3.77439  4.52766  4.20295
  71.0  3.99478  3.77491  4.52279  4.19765
  70.0  3.99153  3.77539  4.51785  4.19211
  69.0  3.9883   3.77583  4.51282  4.18632
  68.0  3.98507  3.77622  4.50771  4.18027
  67.0  3.98186  3.77655  4.5025   4.17394
  66.0  3.97865  3.77683  4.49719  4.16731
  65.0  3.97546  3.77705  4.49177  4.16037
  64.0  3.97227  3.7772   4.48624  4.15309
  63.0  3.9691   3.77728  4.48059  4.14546
  62.0  3.96592  3.77726  4.47481  4.13745
  61.0  3.96275  3.77715  4.46889  4.12904
  60.0  3.95958  3.77692  4.46282  4.1202
  59.0  3.95642  3.77656  4.45659  4.1109
  58.0  3.95325  3.77606  4.45018  4.10112
  57.0  3.95007  3.77539  4.4436   4.09082
  56.0  3.94688  3.77453  4.43681  4.07996
  55.0  3.94368  3.77346  4.42981  4.06852
  54.0  3.94046  3.77214  4.42258  4.05644
  53.0  3.93722  3.77054  4.41511  4.04369
  52.0  3.93395  3.76863  4.40736  4.03022
  51.0  3.93064  3.76635  4.39932  4.01598
  50.0  3.92728  3.76367  4.39098  4.00092
  49.0  3.92386  3.76053  4.38229  3.98499
  48.0  3.92038  3.75686  4.37323  3.96814
  47.0  3.91681  3.75261  4.36378  3.9503
  46.0  3.91314  3.74768  4.35389  3.93141
  45.0  3.90935  3.74199  4.34353  3.91143
  44.0  3.90542  3.73544  4.33266  3.89029
  43.0  3.90133  3.72792  4.32124  3.86794
  42.0  3.89704  3.71931  4.30922  3.84434
  41.0  3.89251  3.70946  4.29654  3.81945
  40.0  3.88772  3.69821  4.28315  3.79323
  39.0  3.88261  3.68539  4.269    3.76569
  38.0  3.87712  3.67079  4.25402  3.73683
  37.0  3.87119  3.6542   4.23815  3.70668
  36.0  3.86475  3.63537  4.22132  3.6753
  35.0  3.85769  3.61403  4.20347  3.64279
  34.0  3.84993  3.58991  4.18452  3.60929
  33.0  3.84134  3.5627   4.16441  3.57495
  32.0  3.83177  3.53211  4.14309  3.54
  31.0  3.82106  3.49785  4.1205   3.50469
  30.0  3.80903  3.45967  4.0966   3.46929
  29.0  3.79546  3.41742  4.07136  3.43413
  28.0  3.78012  3.37108  4.04476  3.39952
  27.0  3.76275  3.32082  4.0168   3.36579
  26.0  3.74309  3.26715  3.9875   3.33325
  25.0  3.72089  3.21093  3.9569   3.30217
  24.0  3.69593  3.15348  3.92506  3.27277
  23.0  3.66808  3.09657  3.89204  3.24519
  22.0  3.63729  3.04233  3.85795  3.21952
  21.0  3.60372  2.99302  3.82286  3.19571
  20.0  3.56765  2.9507   3.78687  3.17364
  19.0  3.52957  2.91681  3.75006  3.15309
  18.0  3.49008  2.89182  3.71251  3.13372
  17.0  3.44983  2.87506  3.67425  3.11514
  16.0  3.40939  2.86471  3.6353   3.09685
  15.0  3.36918  2.85798  3.59562  3.07834
  14.0  3.32933  2.85135  3.55512  3.05913
  13.0  3.28963  2.84091  3.51365  3.03882
  12.0  3.24945  2.82273  3.47103  3.01727
  11.0  3.20772  2.79366  3.42705  2.99478
  10.0  3.16293  2.7528   3.38152  2.97226