400.0  6.03846  4.49668  5.70589  4.60247
 399.0  6.03328  4.49236  5.70247  4.60053
 398.0  6.02809  4.48799  5.69906  4.5986
 397.0  6.02289  4.48359  5.69563  4.59668
 396.0  6.01767  4.47914  5.69221  4.59476
 395.0  6.01244  4.47464  5.68878  4.59285
 394.0  6.00721  4.4701   5.68535  4.59094
 393.0  6.00196  4.46552  5.68192  4.58904
 392.0  5.9967   4.46089  5.67848  4.58714
 391.0  5.99142  4.45622  5.67504  4.58525
 390.0  5.98614  4.45151  5.6716   4.58336
 389.0  5.98084  4.44675  5.66815  4.58148
 388.0  5.97553  4.44196  5.6647   4.57961
 387.0  5.9702   4.43712  5.66125  4.57774
 386.0  5.96486  4.43224  5.65779  4.57588
 385.0  5.95951  4.42732  5.65433  4.57402
 384.0  5.95415  4.42236  5.65087  4.57217
 383.0  5.94877  4.41735  5.6474   4.57033
 382.0  5.94337  4.41231  5.64394  4.56849
 381.0  5.93797  4.40722  5.64046  4.56666
 380.0  5.93254  4.4021   5.63699  4.56483
 379.0  5.92711  4.39694  5.63351  4.56301
 378.0  5.92166  4.39174  5.63003  4.5612
 377.0  5.91619  4.38649  5.62655  4.55939
 376.0  5.91071  4.38121  5.62306  4.55759
 375.0  5.90521  4.3759   5.61957  4.5558
 374.0  5.8997   4.37054  5.61608  4.55401
 373.0  5.89417  4.36515  5.61258  4.55223
 372.0  5.88862  4.35972  5.60909  4.55045
 371.0  5.88306  4.35425  5.60558  4.54868
 370.0  5.87749  4.34875  5.60208  4.54692
 369.0  5.87189  4.34321  5.59857  4.54517
 368.0  5.86628  4.33763  5.59506  4.54342
 367.0  5.86065  4.33202  5.59155  4.54168
 366.0  5.85501  4.32638  5.58804  4.53994
 365.0  5.84934  4.3207   5.58452  4.53821
 364.0  5.84366  4.31499  5.581    4.53649
 363.0  5.83796  4.30924  5.57748  4.53477
 362.0  5.83225  4.30346  5.57395  4.53307
 361.0  5.82651  4.29765  5.57042  4.53136
 360.0  5.82076  4.29181  5.56689  4.52967
 359.0  5.81499  4.28593  5.56336  4.52798
 358.0  5.8092   4.28003  5.55982  4.5263
 357.0  5.80339  4.27409  5.55628  4.52463
 356.0  5.79756  4.26812  5.55274  4.52296
 355.0  5.79171  4.26213  5.5492   4.5213
 354.0  5.78585  4.2561   5.54565  4.51965
 353.0  5.77996  4.25005  5.5421   4.518
 352.0  5.77405  4.24396  5.53855  4.51637
 351.0  5.76813  4.23785  5.535    4.51473
 350.0  5.76218  4.23172  5.53144  4.51311
 349.0  5.75621  4.22555  5.52788  4.51149
 348.0  5.75022  4.21937  5.52432  4.50988
 347.0  5.74422  4.21315  5.52076  4.50828
 346.0  5.73819  4.20691  5.51719  4.50669
 345.0  5.73214  4.20065  5.51362  4.5051
 344.0  5.72607  4.19437  5.51005  4.50352
 343.0  5.71998  4.18806  5.50648  4.50195
 342.0  5.71386  4.18173  5.50291  4.50038
 341.0  5.70773  4.17537  5.49933  4.49882
 340.0  5.70157  4.169    5.49575  4.49727
 339.0  5.69539  4.16261  5.49217  4.49573
 338.0  5.68919  4.1562   5.48859  4.49419
 337.0  5.68297  4.14977  5.485    4.49266
 336.0  5.67672  4.14332  5.48142  4.49114
 335.0  5.67046  4.13685  5.47783  4.48963
 334.0  5.66417  4.13037  5.47424  4.48812
 333.0  5.65786  4.12387  5.47065  4.48663
 332.0  5.65152  4.11736  5.46705  4.48513
 331.0  5.64516  4.11083  5.46345  4.48365
 330.0  5.63878  4.10429  5.45986  4.48218
 329.0  5.63238  4.09774  5.45625  4.48071
 328.0  5.62595  4.09117  5.45265  4.47925
 327.0  5.6195   4.0846   5.44905  4.47779
 326.0  5.61303  4.07801  5.44544  4.47635
 325.0  5.60654  4.07142  5.44184  4.47491
 324.0  5.60002  4.06482  5.43823  4.47348
 323.0  5.59347  4.0582   5.43461  4.47206
 322.0  5.58691  4.05159  5.431    4.47064
 321.0  5.58032  4.04496  5.42739  4.46924
 320.0  5.5737   4.03834  5.42377  4.46784
 319.0  5.56706  4.03171  5.42015  4.46645
 318.0  5.5604   4.02507  5.41654  4.46506
 317.0  5.55372  4.01844  5.41291  4.46369
 316.0  5.54701  4.0118   5.40929  4.46232
 315.0  5.54028  4.00516  5.40567  4.46096
 314.0  5.53352  3.99853  5.40204  4.4596
 313.0  5.52674  3.99189  5.39842  4.45826
 312.0  5.51993  3.98526  5.39479  4.45692
 311.0  5.51311  3.97864  5.39116  4.45559
 310.0  5.50625  3.97202  5.38753  4.45427
 309.0  5.49938  3.9654   5.3839   4.45295
 308.0  5.49248  3.9588   5.38026  4.45165
 307.0  5.48555  3.9522   5.37663  4.45035
 306.0  5.4786   3.94561  5.37299  4.44906
 305.0  5.47163  3.93903  5.36936  4.44777
 304.0  5.46464  3.93246  5.36572  4.4465
 303.0  5.45762  3.92591  5.36208  4.44523
 302.0  5.45057  3.91937  5.35844  4.44397
 301.0  5.44351  3.91284  5.3548   4.44271
 300.0  5.43642  3.90633  5.35116  4.44147
 299.0  5.4293   3.89984  5.34751  4.44023
 298.0  5.42217  3.89337  5.34387  4.439
 297.0  5.41501  3.88692  5.34022  4.43778
 296.0  5.40782  3.88048  5.33658  4.43656
 295.0  5.40062  3.87407  5.33293  4.43535
 294.0  5.39339  3.86769  5.32928  4.43415
 293.0  5.38614  3.86132  5.32563  4.43296
 292.0  5.37886  3.85499  5.32198  4.43178
 291.0  5.37157  3.84868  5.31833  4.4306
 290.0  5.36425  3.8424   5.31468  4.42943
 289.0  5.35691  3.83614  5.31103  4.42827
 288.0  5.34954  3.82992  5.30737  4.42711
 287.0  5.34216  3.82373  5.30372  4.42597
 286.0  5.33475  3.81758  5.30007  4.42483
 285.0  5.32733  3.81145  5.29641  4.42369
 284.0  5.31988  3.80537  5.29275  4.42257
 283.0  5.31241  3.79932  5.2891   4.42145
 282.0  5.30492  3.79331  5.28544  4.42034
 281.0  5.29741  3.78733  5.28178  4.41924
 280.0  5.28988  3.7814   5.27813  4.41814
 279.0  5.28233  3.77551  5.27447  4.41705
 278.0  5.27476  3.76966  5.27081  4.41597
 277.0  5.26717  3.76386  5.26715  4.4149
 276.0  5.25957  3.7581   5.26349  4.41383
 275.0  5.25194  3.75239  5.25983  4.41277
 274.0  5.2443   3.74672  5.25617  4.41172
 273.0  5.23663  3.74111  5.25251  4.41067
 272.0  5.22895  3.73554  5.24885  4.40963
 271.0  5.22126  3.73003  5.24519  4.4086
 270.0  5.21354  3.72457  5.24153  4.40758
 269.0  5.20581  3.71916  5.23786  4.40656
 268.0  5.19807  3.71381  5.2342   4.40555
 267.0  5.1903   3.70851  5.23054  4.40455
 266.0  5.18253  3.70327  5.22688  4.40355
 265.0  5.17473  3.69809  5.22321  4.40256
 264.0  5.16693  3.69297  5.21955  4.40157
 263.0  5.15911  3.68791  5.21589  4.4006
 262.0  5.15127  3.68291  5.21223  4.39963
 261.0  5.14342  3.67797  5.20856  4.39867
 260.0  5.13556  3.67309  5.2049   4.39771
 259.0  5.12769  3.66828  5.20124  4.39676
 258.0  5.11981  3.66354  5.19758  4.39582
 257.0  5.11191  3.65886  5.19391  4.39488
 256.0  5.10401  3.65425  5.19025  4.39395
 255.0  5.09609  3.64971  5.18659  4.39302
 254.0  5.08816  3.64524  5.18293  4.39211
 253.0  5.08023  3.64084  5.17927  4.39119
 252.0  5.07228  3.63651  5.1756   4.39029
 251.0  5.06433  3.63225  5.17194  4.38939
 250.0  5.05637  3.62806  5.16828  4.3885
 249.0  5.0484   3.62395  5.16462  4.38761
 248.0  5.04043  3.61991  5.16096  4.38673
 247.0  5.03245  3.61595  5.1573   4.38585
 246.0  5.02447  3.61207  5.15364  4.38498
 245.0  5.01648  3.60826  5.14998  4.38412
 244.0  5.00848  3.60453  5.14632  4.38326
 243.0  5.00049  3.60087  5.14266  4.38241
 242.0  4.99249  3.5973   5.139    4.38156
 241.0  4.98448  3.5938   5.13534  4.38072
 240.0  4.97648  3.59039  5.13169  4.37989
 239.0  4.96848  3.58705  5.12803  4.37906
 238.0  4.96047  3.5838   5.12437  4.37824
 237.0  4.95246  3.58063  5.12071  4.37742
 236.0  4.94446  3.57754  5.11706  4.3766
 235.0  4.93646  3.57453  5.1134   4.3758
 234.0  4.92845  3.57161  5.10975  4.37499
 233.0  4.92045  3.56877  5.10609  4.37419
 232.0  4.91246  3.56601  5.10244  4.3734
 231.0  4.90447  3.56333  5.09879  4.37261
 230.0  4.89648  3.56074  5.09514  4.37183
 229.0  4.8885   3.55824  5.09148  4.37105
 228.0  4.88052  3.55582  5.08783  4.37028
 227.0  4.87255  3.55348  5.08418  4.36951
 226.0  4.86459  3.55123  5.08053  4.36875
 225.0  4.85664  3.54906  5.07688  4.36799
 224.0  4.84869  3.54698  5.07324  4.36723
 223.0  4.84075  3.54499  5.06959  4.36648
 222.0  4.83283  3.54308  5.06594  4.36574
 221.0  4.82491  3.54125  5.06229  4.36499
 220.0  4.817    3.53951  5.05865  4.36426
 219.0  4.80911  3.53786  5.055    4.36352
 218.0  4.80123  3.53629  5.05136  4.36279
 217.0  4.79336  3.53481  5.04772  4.36207
 216.0  4.78551  3.53341  5.04407  4.36134
 215.0  4.77767  3.53209  5.04043  4.36062
 214.0  4.76984  3.53086  5.03679  4.35991
 213.0  4.76203  3.52972  5.03315  4.3592
 212.0  4.75424  3.52866  5.02951  4.35849
 211.0  4.74646  3.52768  5.02588  4.35779
 210.0  4.7387   3.52678  5.02224  4.35708
 209.0  4.73096  3.52597  5.0186   4.35639
 208.0  4.72324  3.52524  5.01497  4.35569
 207.0  4.71554  3.52459  5.01133  4.355
 206.0  4.70786  3.52403  5.0077   4.35431
 205.0  4.70019  3.52354  5.00406  4.35363
 204.0  4.69255  3.52314  5.00043  4.35294
 203.0  4.68493  3.52282  4.9968   4.35226
 202.0  4.67734  3.52257  4.99317  4.35158
 201.0  4.66976  3.52241  4.98954  4.35091
 200.0  4.66221  3.52232  4.98591  4.35023
 199.0  4.65469  3.52231  4.98228  4.34956
 198.0  4.64719  3.52238  4.97866  4.34889
 197.0  4.63971  3.52252  4.97503  4.34823
 196.0  4.63226  3.52274  4.9714   4.34756
 195.0  4.62484  3.52303  4.96778  4.3469
 194.0  4.61744  3.5234   4.96416  4.34623
 193.0  4.61007  3.52384  4.96053  4.34557
 192.0  4.60273  3.52435  4.95691  4.34492
 191.0  4.59541  3.52493  4.95329  4.34426
 190.0  4.58813  3.52559  4.94967  4.3436
 189.0  4.58087  3.52631  4.94605  4.34295
 188.0  4.57365  3.5271   4.94243  4.34229
 187.0  4.56645  3.52796  4.93881  4.34164
 186.0  4.55929  3.52889  4.93519  4.34098
 185.0  4.55215  3.52988  4.93158  4.34033
 184.0  4.54505  3.53093  4.92796  4.33968
 183.0  4.53798  3.53205  4.92435  4.33903
 182.0  4.53094  3.53323  4.92073  4.33838
 181.0  4.52394  3.53448  4.91712  4.33773
 180.0  4.51697  3.53578  4.91351  4.33707
 179.0  4.51003  3.53714  4.90989  4.33642
 178.0  4.50312  3.53856  4.90628  4.33577
 177.0  4.49625  3.54003  4.90267  4.33512
 176.0  4.48942  3.54156  4.89906  4.33446
 175.0  4.48262  3.54314  4.89545  4.33381
 174.0  4.47585  3.54478  4.89184  4.33315
 173.0  4.46912  3.54647  4.88823  4.3325
 172.0  4.46243  3.5482   4.88463  4.33184
 171.0  4.45577  3.54999  4.88102  4.33118
 170.0  4.44915  3.55182  4.87741  4.33052
 169.0  4.44257  3.55369  4.8738   4.32985
 168.0  4.43602  3.55562  4.8702   4.32919
 167.0  4.42951  3.55758  4.86659  4.32852
 166.0  4.42304  3.55958  4.86298  4.32785
 165.0  4.41661  3.56163  4.85938  4.32718
 164.0  4.41021  3.56371  4.85577  4.3265
 163.0  4.40385  3.56583  4.85217  4.32582
 162.0  4.39753  3.56798  4.84856  4.32514
 161.0  4.39125  3.57017  4.84496  4.32445
 160.0  4.38501  3.57239  4.84135  4.32376
 159.0  4.37881  3.57464  4.83775  4.32307
 158.0  4.37264  3.57692  4.83414  4.32237
 157.0  4.36651  3.57922  4.83054  4.32167
 156.0  4.36043  3.58155  4.82693  4.32096
 155.0  4.35438  3.58391  4.82332  4.32025
 154.0  4.34837  3.58628  4.81972  4.31954
 153.0  4.3424   3.58868  4.81611  4.31881
 152.0  4.33647  3.59109  4.8125   4.31808
 151.0  4.33058  3.59352  4.80889  4.31735
 150.0  4.32473  3.59597  4.80529  4.31661
 149.0  4.31892  3.59843  4.80168  4.31586
 148.0  4.31315  3.6009   4.79807  4.31511
 147.0  4.30742  3.60338  4.79445  4.31434
 146.0  4.30172  3.60586  4.79084  4.31357
 145.0  4.29607  3.60836  4.78723  4.3128
 144.0  4.29045  3.61085  4.78361  4.31201
 143.0  4.28488  3.61335  4.78     4.31122
 142.0  4.27934  3.61585  4.77638  4.31041
 141.0  4.27384  3.61835  4.77276  4.3096
 140.0  4.26838  3.62085  4.76914  4.30877
 139.0  4.26296  3.62334  4.76552  4.30794
 138.0  4.25758  3.62582  4.7619   4.30709
 137.0  4.25224  3.6283   4.75827  4.30624
 136.0  4.24693  3.63076  4.75464  4.30537
 135.0  4.24167  3.63321  4.75101  4.30449
 134.0  4.23644  3.63565  4.74738  4.30359
 133.0  4.23124  3.63807  4.74374  4.30268
 132.0  4.22609  3.64047  4.7401   4.30176
 131.0  4.22097  3.64286  4.73646  4.30083
 130.0  4.21589  3.64522  4.73282  4.29987
 129.0  4.21084  3.64756  4.72917  4.29891
 128.0  4.20583  3.64987  4.72552  4.29792
 127.0  4.20086  3.65216  4.72186  4.29692
 126.0  4.19592  3.65442  4.71821  4.2959
 125.0  4.19102  3.65665  4.71454  4.29486
 124.0  4.18615  3.65885  4.71087  4.29381
 123.0  4.18132  3.66101  4.7072   4.29273
 122.0  4.17652  3.66314  4.70353  4.29163
 121.0  4.17175  3.66524  4.69984  4.29051
 120.0  4.16702  3.66729  4.69615  4.28937
 119.0  4.16232  3.66931  4.69246  4.2882
 118.0  4.15765  3.67129  4.68876  4.28701
 117.0  4.15301  3.67322  4.68506  4.28579
 116.0  4.1484   3.67511  4.68134  4.28455
 115.0  4.14383  3.67696  4.67762  4.28327
 114.0  4.13928  3.67877  4.6739   4.28197
 113.0  4.13477  3.68052  4.67016  4.28064
 112.0  4.13028  3.68223  4.66642  4.27928
 111.0  4.12582  3.6839   4.66267  4.27788
 110.0  4.12139  3.68551  4.6589   4.27645
 109.0  4.11699  3.68707  4.65513  4.27499
 108.0  4.11262  3.68859  4.65135  4.27349
 107.0  4.10827  3.69006  4.64756  4.27194
 106.0  4.10395  3.69147  4.64376  4.27036
 105.0  4.09965  3.69284  4.63995  4.26874
 104.0  4.09538  3.69415  4.63612  4.26707
 103.0  4.09113  3.69541  4.63228  4.26536
 102.0  4.0869   3.69663  4.62843  4.2636
 101.0  4.0827   3.69779  4.62456  4.26179
 100.0  4.07852  3.6989   4.62068  4.25993
  99.0  4.07436  3.69997  4.61679  4.25802
  98.0  4.07022  3.70099  4.61287  4.25605
  97.0  4.06611  3.70196  4.60894  4.25402
  96.0  4.06201  3.70288  4.60499  4.25194
  95.0  4.05794  3.70377  4.60102  4.24978
  94.0  4.05388  3.7046   4.59704  4.24757
  93.0  4.04984  3.7054   4.59303  4.24528
  92.0  4.04582  3.70616  4.589    4.24292
  91.0  4.04182  3.70688  4.58494  4.24049
  90.0  4.03783  3.70757  4.58086  4.23798
  89.0  4.03386  3.70822  4.57676  4.23538
  88.0  4.02991  3.70885  4.57262  4.2327
  87.0  4.02597  3.70945  4.56846  4.22993
  86.0  4.02205  3.71002  4.56427  4.22707
  85.0  4.01814  3.71057  4.56005  4.22411
  84.0  4.01425  3.71111  4.55579  4.22105
  83.0  4.01037  3.71163  4.5515   4.21788
  82.0  4.00651  3.71214  4.54717  4.2146
  81.0  4.00266  3.71264  4.54281  4.2112
  80.0  3.99883  3.71314  4.5384   4.20768
  79.0  3.99501  3.71363  4.53395  4.20402
  78.0  3.99121  3.71413  4.52945  4.20024
  77.0  3.98742  3.71463  4.5249   4.19631
  76.0  3.98365  3.71515  4.5203   4.19223
  75.0  3.97989  3.71567  4.51565  4.188
  74.0  3.97614  3.71622  4.51094  4.1836
  73.0  3.97242  3.71678  4.50618  4.17902
  72.0  3.9687   3.71736  4.50134  4.17427
  71.0  3.96501  3.71797  4.49644  4.16932
  70.0  3.96133  3.71859  4.49147  4.16416
  69.0  3.95767  3.71925  4.48642  4.1588
  68.0  3.95402  3.71993  4.48129  4.1532
  67.0  3.9504   3.72064  4.47607  4.14737
  66.0  3.94679  3.72137  4.47077  4.14128
  65.0  3.9432   3.72213  4.46537  4.13492
  64.0  3.93963  3.7229   4.45986  4.12827
  63.0  3.93609  3.72369  4.45424  4.12132
  62.0  3.93256  3.72449  4.44851  4.11405
  61.0  3.92905  3.72529  4.44265  4.10643
  60.0  3.92557  3.72608  4.43666  4.09844
  59.0  3.9221   3.72685  4.43052  4.09007
  58.0  3.91865  3.72758  4.42423  4.08127
  57.0  3.91523  3.72827  4.41778  4.07202
  56.0  3.91182  3.72888  4.41115  4.0623
  55.0  3.90843  3.7294   4.40433  4.05206
  54.0  3.90506  3.72981  4.39731  4.04127
  53.0  3.90169  3.73006  4.39007  4.02989
  52.0  3.89834  3.73013  4.38259  4.01787
  51.0  3.89499  3.72997  4.37486  4.00518
  50.0  3.89164  3.72953  4.36685  3.99174
  49.0  3.88829  3.72878  4.35854  3.97752
  48.0  3.88491  3.72764  4.34991  3.96246
  47.0  3.88152  3.72604  4.34092  3.94649
  46.0  3.87808  3.72391  4.33155  3.92954
  45.0  3.8746   3.72115  4.32176  3.91156
  44.0  3.87105  3.71767  4.31151  3.89247
  43.0  3.8674   3.71335  4.30077  3.8722
  42.0  3.86365  3.70806  4.28949  3.85068
  41.0  3.85975  3.70164  4.27762  3.82785
  40.0  3.85567  3.69393  4.2651   3.80364
  39.0  3.85137  3.68473  4.25188  3.77802
  38.0  3.8468   3.67382  4.23789  3.75094
  37.0  3.8419   3.66096  4.22307  3.72239
  36.0  3.83659  3.64587  4.20734  3.69238
  35.0  3.8308   3.62824  4.19063  3.66095
  34.0  3.82443  3.60772  4.17287  3.6282
  33.0  3.81734  3.58396  4.15397  3.59424
  32.0  3.80941  3.55655  4.13386  3.55926
  31.0  3.80046  3.52512  4.11247  3.52351
  30.0  3.7903   3.48929  4.08974  3.48728
  29.0  3.7787   3.44875  4.06562  3.4509
  28.0  3.76541  3.40332  4.04007  3.41476
  27.0  3.75013  3.35305  4.01307  3.37927
  26.0  3.73257  3.29832  3.98462  3.34483
  25.0  3.7124   3.23993  3.95477  3.31181
  24.0  3.68937  3.1793   3.92355  3.28053
  23.0  3.66324  3.11839  3.89105  3.25124
  22.0  3.63394  3.05971  3.85735  3.22405
  21.0  3.60156  3.00596  3.82256  3.19898
  20.0  3.56638  2.95964  3.78679  3.17593
  19.0  3.52892  2.92251  3.75014  3.15465
  18.0  3.48983  2.89517  3.71269  3.13477
  17.0  3.44981  2.87688  3.6745   3.11586
  16.0  3.40949  2.86566  3.6356   3.09739
  15.0  3.36934  2.8585   3.59595  3.0788
  14.0  3.32953  2.85169  3.55547  3.05956
  13.0  3.28985  2.84119  3.51403  3.03925
  12.0  3.24969  2.82301  3.47144  3.01774
  11.0  3.20798  2.79396  3.42748  2.99528
  10.0  3.16322  2.75314  3.38199  2.9728