 400.0  6.03846  4.49668  5.6543   4.47997
 399.0  6.03328  4.49236  5.6506   4.47768
 398.0  6.02809  4.488    5.6469   4.47538
 397.0  6.02289  4.48359  5.64319  4.4731
 396.0  6.01767  4.47914  5.63948  4.47082
 395.0  6.01244  4.47464  5.63576  4.46855
 394.0  6.00721  4.4701   5.63204  4.46628
 393.0  6.00196  4.46552  5.62831  4.46402
 392.0  5.9967   4.46089  5.62458  4.46177
 391.0  5.99142  4.45622  5.62084  4.45953
 390.0  5.98614  4.45151  5.61711  4.45729
 389.0  5.98084  4.44675  5.61336  4.45505
 388.0  5.97553  4.44196  5.60962  4.45283
 387.0  5.9702   4.43712  5.60587  4.45061
 386.0  5.96486  4.43224  5.60211  4.4484
 385.0  5.95951  4.42732  5.59835  4.44619
 384.0  5.95415  4.42236  5.59459  4.444
 383.0  5.94877  4.41735  5.59082  4.4418
 382.0  5.94337  4.41231  5.58705  4.43962
 381.0  5.93797  4.40722  5.58328  4.43745
 380.0  5.93254  4.4021   5.5795   4.43528
 379.0  5.92711  4.39694  5.57571  4.43312
 378.0  5.92166  4.39174  5.57193  4.43096
 377.0  5.91619  4.38649  5.56814  4.42882
 376.0  5.91071  4.38121  5.56434  4.42668
 375.0  5.90521  4.3759   5.56055  4.42455
 374.0  5.8997   4.37054  5.55674  4.42243
 373.0  5.89417  4.36515  5.55294  4.42031
 372.0  5.88862  4.35972  5.54913  4.4182
 371.0  5.88306  4.35425  5.54532  4.41611
 370.0  5.87749  4.34875  5.5415   4.41401
 369.0  5.87189  4.34321  5.53768  4.41193
 368.0  5.86628  4.33763  5.53386  4.40986
 367.0  5.86065  4.33202  5.53003  4.40779
 366.0  5.85501  4.32638  5.5262   4.40573
 365.0  5.84934  4.3207   5.52237  4.40368
 364.0  5.84366  4.31499  5.51853  4.40164
 363.0  5.83796  4.30924  5.51469  4.39961
 362.0  5.83225  4.30346  5.51084  4.39758
 361.0  5.82651  4.29765  5.507    4.39557
 360.0  5.82076  4.29181  5.50315  4.39356
 359.0  5.81499  4.28593  5.49929  4.39156
 358.0  5.8092   4.28003  5.49543  4.38957
 357.0  5.80339  4.27409  5.49157  4.38759
 356.0  5.79756  4.26812  5.48771  4.38562
 355.0  5.79171  4.26213  5.48384  4.38366
 354.0  5.78585  4.2561   5.47997  4.3817
 353.0  5.77996  4.25005  5.4761   4.37976
 352.0  5.77405  4.24396  5.47222  4.37782
 351.0  5.76813  4.23785  5.46834  4.37589
 350.0  5.76218  4.23172  5.46446  4.37397
 349.0  5.75621  4.22555  5.46057  4.37207
 348.0  5.75022  4.21937  5.45668  4.37017
 347.0  5.74422  4.21315  5.45279  4.36828
 346.0  5.73819  4.20691  5.4489   4.36639
 345.0  5.73214  4.20065  5.445    4.36452
 344.0  5.72607  4.19437  5.4411   4.36266
 343.0  5.71997  4.18806  5.4372   4.36081
 342.0  5.71386  4.18173  5.43329  4.35897
 341.0  5.70773  4.17537  5.42938  4.35713
 340.0  5.70157  4.169    5.42547  4.35531
 339.0  5.69539  4.16261  5.42156  4.3535
 338.0  5.68919  4.1562   5.41764  4.35169
 337.0  5.68297  4.14977  5.41372  4.3499
 336.0  5.67672  4.14332  5.4098   4.34811
 335.0  5.67046  4.13685  5.40588  4.34634
 334.0  5.66417  4.13037  5.40195  4.34457
 333.0  5.65786  4.12387  5.39802  4.34282
 332.0  5.65152  4.11736  5.39409  4.34107
 331.0  5.64516  4.11083  5.39016  4.33934
 330.0  5.63878  4.10429  5.38622  4.33761
 329.0  5.63238  4.09774  5.38229  4.3359
 328.0  5.62595  4.09117  5.37835  4.3342
 327.0  5.6195   4.0846   5.3744   4.3325
 326.0  5.61303  4.07801  5.37046  4.33082
 325.0  5.60654  4.07142  5.36651  4.32914
 324.0  5.60002  4.06482  5.36256  4.32748
 323.0  5.59347  4.0582   5.35861  4.32583
 322.0  5.58691  4.05159  5.35466  4.32418
 321.0  5.58032  4.04497  5.35071  4.32255
 320.0  5.5737   4.03834  5.34675  4.32093
 319.0  5.56706  4.03171  5.34279  4.31932
 318.0  5.5604   4.02507  5.33883  4.31772
 317.0  5.55372  4.01844  5.33487  4.31613
 316.0  5.54701  4.0118   5.33091  4.31455
 315.0  5.54028  4.00516  5.32694  4.31298
 314.0  5.53352  3.99853  5.32297  4.31142
 313.0  5.52674  3.99189  5.319    4.30987
 312.0  5.51993  3.98526  5.31503  4.30833
 311.0  5.51311  3.97864  5.31106  4.30681
 310.0  5.50625  3.97202  5.30709  4.30529
 309.0  5.49938  3.9654   5.30312  4.30378
 308.0  5.49248  3.9588   5.29914  4.30229
 307.0  5.48555  3.9522   5.29516  4.30081
 306.0  5.4786   3.94561  5.29118  4.29933
 305.0  5.47163  3.93903  5.2872   4.29787
 304.0  5.46464  3.93246  5.28322  4.29642
 303.0  5.45762  3.92591  5.27924  4.29498
 302.0  5.45057  3.91937  5.27526  4.29355
 301.0  5.44351  3.91284  5.27127  4.29213
 300.0  5.43642  3.90633  5.26729  4.29072
 299.0  5.4293   3.89984  5.2633   4.28932
 298.0  5.42217  3.89337  5.25931  4.28794
 297.0  5.41501  3.88692  5.25532  4.28656
 296.0  5.40782  3.88048  5.25134  4.2852
 295.0  5.40062  3.87407  5.24735  4.28385
 294.0  5.39339  3.86769  5.24336  4.2825
 293.0  5.38614  3.86132  5.23936  4.28117
 292.0  5.37886  3.85499  5.23537  4.27985
 291.0  5.37157  3.84868  5.23138  4.27854
 290.0  5.36425  3.8424   5.22739  4.27724
 289.0  5.35691  3.83614  5.22339  4.27595
 288.0  5.34954  3.82992  5.2194   4.27468
 287.0  5.34216  3.82373  5.2154   4.27341
 286.0  5.33475  3.81758  5.21141  4.27216
 285.0  5.32733  3.81145  5.20741  4.27091
 284.0  5.31988  3.80537  5.20342  4.26968
 283.0  5.31241  3.79932  5.19942  4.26846
 282.0  5.30492  3.79331  5.19542  4.26725
 281.0  5.29741  3.78733  5.19143  4.26605
 280.0  5.28988  3.7814   5.18743  4.26486
 279.0  5.28233  3.77551  5.18343  4.26368
 278.0  5.27476  3.76966  5.17944  4.26251
 277.0  5.26717  3.76386  5.17544  4.26136
 276.0  5.25957  3.7581   5.17144  4.26021
 275.0  5.25194  3.75239  5.16745  4.25908
 274.0  5.2443   3.74672  5.16345  4.25795
 273.0  5.23663  3.74111  5.15945  4.25684
 272.0  5.22895  3.73554  5.15546  4.25574
 271.0  5.22126  3.73003  5.15146  4.25465
 270.0  5.21354  3.72457  5.14747  4.25357
 269.0  5.20581  3.71916  5.14347  4.2525
 268.0  5.19807  3.71381  5.13948  4.25144
 267.0  5.1903   3.70851  5.13548  4.25039
 266.0  5.18253  3.70327  5.13149  4.24936
 265.0  5.17473  3.69809  5.1275   4.24833
 264.0  5.16693  3.69297  5.1235   4.24732
 263.0  5.15911  3.68791  5.11951  4.24631
 262.0  5.15127  3.68291  5.11552  4.24532
 261.0  5.14342  3.67797  5.11153  4.24433
 260.0  5.13556  3.67309  5.10754  4.24336
 259.0  5.12769  3.66828  5.10355  4.2424
 258.0  5.11981  3.66354  5.09957  4.24145
 257.0  5.11191  3.65886  5.09558  4.24051
 256.0  5.10401  3.65425  5.09159  4.23958
 255.0  5.09609  3.64971  5.08761  4.23866
 254.0  5.08816  3.64524  5.08363  4.23775
 253.0  5.08023  3.64084  5.07964  4.23685
 252.0  5.07228  3.63651  5.07566  4.23596
 251.0  5.06433  3.63225  5.07168  4.23508
 250.0  5.05637  3.62806  5.0677   4.23421
 249.0  5.0484   3.62395  5.06373  4.23335
 248.0  5.04043  3.61991  5.05975  4.23251
 247.0  5.03245  3.61595  5.05578  4.23167
 246.0  5.02447  3.61207  5.0518   4.23084
 245.0  5.01648  3.60826  5.04783  4.23002
 244.0  5.00848  3.60453  5.04386  4.22922
 243.0  5.00049  3.60087  5.03989  4.22842
 242.0  4.99249  3.5973   5.03593  4.22763
 241.0  4.98448  3.5938   5.03196  4.22685
 240.0  4.97648  3.59039  5.028    4.22608
 239.0  4.96848  3.58705  5.02404  4.22533
 238.0  4.96047  3.5838   5.02008  4.22458
 237.0  4.95246  3.58063  5.01612  4.22384
 236.0  4.94446  3.57754  5.01216  4.22311
 235.0  4.93646  3.57453  5.00821  4.22239
 234.0  4.92845  3.57161  5.00425  4.22168
 233.0  4.92045  3.56877  5.0003   4.22098
 232.0  4.91246  3.56601  4.99636  4.22029
 231.0  4.90447  3.56333  4.99241  4.2196
 230.0  4.89648  3.56074  4.98847  4.21893
 229.0  4.8885   3.55824  4.98452  4.21827
 228.0  4.88052  3.55582  4.98058  4.21761
 227.0  4.87255  3.55348  4.97665  4.21697
 226.0  4.86459  3.55123  4.97271  4.21633
 225.0  4.85664  3.54906  4.96878  4.2157
 224.0  4.84869  3.54698  4.96485  4.21508
 223.0  4.84075  3.54499  4.96092  4.21447
 222.0  4.83283  3.54308  4.957    4.21387
 221.0  4.82491  3.54125  4.95307  4.21327
 220.0  4.817    3.53951  4.94915  4.21269
 219.0  4.80911  3.53786  4.94523  4.21211
 218.0  4.80123  3.53629  4.94132  4.21154
 217.0  4.79336  3.53481  4.93741  4.21098
 216.0  4.78551  3.53341  4.9335   4.21043
 215.0  4.77767  3.53209  4.92959  4.20989
 214.0  4.76984  3.53086  4.92568  4.20935
 213.0  4.76203  3.52972  4.92178  4.20882
 212.0  4.75424  3.52866  4.91788  4.2083
 211.0  4.74646  3.52768  4.91399  4.20779
 210.0  4.7387   3.52678  4.91009  4.20728
 209.0  4.73096  3.52597  4.9062   4.20678
 208.0  4.72324  3.52524  4.90232  4.20629
 207.0  4.71554  3.52459  4.89843  4.20581
 206.0  4.70786  3.52403  4.89455  4.20533
 205.0  4.70019  3.52354  4.89067  4.20486
 204.0  4.69255  3.52314  4.8868   4.2044
 203.0  4.68493  3.52282  4.88293  4.20394
 202.0  4.67734  3.52257  4.87906  4.20349
 201.0  4.66976  3.52241  4.87519  4.20305
 200.0  4.66221  3.52232  4.87133  4.20261
 199.0  4.65469  3.52231  4.86747  4.20218
 198.0  4.64719  3.52238  4.86361  4.20176
 197.0  4.63971  3.52252  4.85976  4.20134
 196.0  4.63226  3.52274  4.85591  4.20093
 195.0  4.62484  3.52303  4.85206  4.20052
 194.0  4.61744  3.5234   4.84822  4.20012
 193.0  4.61007  3.52384  4.84438  4.19973
 192.0  4.60273  3.52435  4.84055  4.19934
 191.0  4.59541  3.52493  4.83671  4.19896
 190.0  4.58813  3.52559  4.83288  4.19858
 189.0  4.58087  3.52631  4.82906  4.1982
 188.0  4.57365  3.5271   4.82523  4.19783
 187.0  4.56645  3.52796  4.82142  4.19747
 186.0  4.55929  3.52889  4.8176   4.19711
 185.0  4.55215  3.52988  4.81379  4.19675
 184.0  4.54505  3.53093  4.80998  4.1964
 183.0  4.53798  3.53205  4.80617  4.19605
 182.0  4.53094  3.53323  4.80237  4.19571
 181.0  4.52394  3.53448  4.79857  4.19537
 180.0  4.51697  3.53578  4.79478  4.19503
 179.0  4.51003  3.53714  4.79099  4.1947
 178.0  4.50312  3.53856  4.7872   4.19437
 177.0  4.49625  3.54003  4.78342  4.19404
 176.0  4.48942  3.54156  4.77964  4.19371
 175.0  4.48262  3.54314  4.77586  4.19339
 174.0  4.47585  3.54478  4.77209  4.19307
 173.0  4.46912  3.54647  4.76832  4.19275
 172.0  4.46243  3.5482   4.76455  4.19244
 171.0  4.45577  3.54999  4.76079  4.19212
 170.0  4.44915  3.55182  4.75703  4.19181
 169.0  4.44257  3.55369  4.75328  4.1915
 168.0  4.43602  3.55562  4.74953  4.19119
 167.0  4.42951  3.55758  4.74578  4.19088
 166.0  4.42304  3.55958  4.74203  4.19057
 165.0  4.41661  3.56163  4.73829  4.19026
 164.0  4.41021  3.56371  4.73455  4.18995
 163.0  4.40385  3.56583  4.73082  4.18965
 162.0  4.39753  3.56798  4.72709  4.18934
 161.0  4.39125  3.57017  4.72336  4.18903
 160.0  4.38501  3.57239  4.71964  4.18872
 159.0  4.37881  3.57464  4.71592  4.1884
 158.0  4.37264  3.57692  4.7122   4.18809
 157.0  4.36651  3.57922  4.70849  4.18777
 156.0  4.36043  3.58155  4.70478  4.18746
 155.0  4.35438  3.58391  4.70107  4.18714
 154.0  4.34837  3.58628  4.69737  4.18681
 153.0  4.3424   3.58868  4.69367  4.18649
 152.0  4.33647  3.59109  4.68997  4.18616
 151.0  4.33058  3.59352  4.68628  4.18582
 150.0  4.32473  3.59597  4.68258  4.18549
 149.0  4.31892  3.59843  4.6789   4.18514
 148.0  4.31315  3.6009   4.67521  4.1848
 147.0  4.30742  3.60338  4.67153  4.18444
 146.0  4.30172  3.60586  4.66785  4.18409
 145.0  4.29607  3.60836  4.66417  4.18372
 144.0  4.29045  3.61085  4.6605   4.18335
 143.0  4.28488  3.61335  4.65682  4.18297
 142.0  4.27934  3.61585  4.65315  4.18259
 141.0  4.27384  3.61835  4.64949  4.1822
 140.0  4.26838  3.62085  4.64582  4.1818
 139.0  4.26296  3.62334  4.64216  4.18139
 138.0  4.25758  3.62582  4.6385   4.18097
 137.0  4.25224  3.6283   4.63484  4.18054
 136.0  4.24693  3.63076  4.63118  4.1801
 135.0  4.24167  3.63321  4.62753  4.17965
 134.0  4.23644  3.63565  4.62387  4.17919
 133.0  4.23124  3.63807  4.62022  4.17871
 132.0  4.22609  3.64047  4.61657  4.17823
 131.0  4.22097  3.64286  4.61292  4.17773
 130.0  4.21589  3.64522  4.60927  4.17722
 129.0  4.21084  3.64756  4.60563  4.17669
 128.0  4.20583  3.64987  4.60198  4.17615
 127.0  4.20086  3.65216  4.59833  4.17559
 126.0  4.19592  3.65442  4.59469  4.17501
 125.0  4.19102  3.65665  4.59104  4.17442
 124.0  4.18615  3.65885  4.5874   4.17381
 123.0  4.18132  3.66101  4.58375  4.17318
 122.0  4.17652  3.66314  4.5801   4.17254
 121.0  4.17175  3.66524  4.57646  4.17187
 120.0  4.16702  3.66729  4.57281  4.17118
 119.0  4.16232  3.66931  4.56916  4.17047
 118.0  4.15765  3.67129  4.56551  4.16973
 117.0  4.15301  3.67322  4.56186  4.16897
 116.0  4.1484   3.67511  4.5582   4.16819
 115.0  4.14383  3.67696  4.55454  4.16738
 114.0  4.13928  3.67877  4.55088  4.16654
 113.0  4.13477  3.68052  4.54722  4.16567
 112.0  4.13028  3.68223  4.54356  4.16478
 111.0  4.12582  3.6839   4.53989  4.16385
 110.0  4.12139  3.68551  4.53621  4.1629
 109.0  4.11699  3.68707  4.53253  4.16191
 108.0  4.11262  3.68859  4.52885  4.16088
 107.0  4.10827  3.69006  4.52516  4.15982
 106.0  4.10395  3.69147  4.52146  4.15873
 105.0  4.09965  3.69284  4.51776  4.15759
 104.0  4.09538  3.69415  4.51406  4.15642
 103.0  4.09113  3.69541  4.51034  4.1552
 102.0  4.0869   3.69663  4.50662  4.15394
 101.0  4.0827   3.69779  4.50288  4.15264
 100.0  4.07852  3.6989   4.49914  4.15129
  99.0  4.07436  3.69997  4.49539  4.14989
  98.0  4.07022  3.70099  4.49163  4.14844
  97.0  4.06611  3.70196  4.48785  4.14693
  96.0  4.06201  3.70288  4.48407  4.14538
  95.0  4.05794  3.70377  4.48027  4.14377
  94.0  4.05388  3.7046   4.47646  4.1421
  93.0  4.04984  3.7054   4.47263  4.14036
  92.0  4.04582  3.70616  4.46879  4.13857
  91.0  4.04182  3.70688  4.46493  4.13671
  90.0  4.03783  3.70757  4.46105  4.13478
  89.0  4.03386  3.70822  4.45716  4.13278
  88.0  4.02991  3.70885  4.45324  4.1307
  87.0  4.02597  3.70945  4.44931  4.12855
  86.0  4.02205  3.71002  4.44535  4.12632
  85.0  4.01814  3.71057  4.44137  4.124
  84.0  4.01425  3.71111  4.43736  4.1216
  83.0  4.01037  3.71163  4.43333  4.11911
  82.0  4.00651  3.71214  4.42926  4.11652
  81.0  4.00266  3.71264  4.42517  4.11383
  80.0  3.99883  3.71314  4.42105  4.11104
  79.0  3.99501  3.71363  4.41689  4.10814
  78.0  3.99121  3.71413  4.4127   4.10513
  77.0  3.98742  3.71463  4.40847  4.102
  76.0  3.98365  3.71515  4.40421  4.09875
  75.0  3.97989  3.71567  4.3999   4.09537
  74.0  3.97614  3.71622  4.39554  4.09186
  73.0  3.97242  3.71678  4.39114  4.08821
  72.0  3.9687   3.71736  4.38669  4.0844
  71.0  3.96501  3.71797  4.38218  4.08045
  70.0  3.96133  3.71859  4.37762  4.07633
  69.0  3.95767  3.71925  4.373    4.07203
  68.0  3.95402  3.71993  4.36832  4.06756
  67.0  3.9504   3.72064  4.36357  4.06289
  66.0  3.94679  3.72137  4.35874  4.05803
  65.0  3.9432   3.72213  4.35385  4.05295
  64.0  3.93963  3.7229   4.34887  4.04765
  63.0  3.93609  3.72369  4.3438   4.04211
  62.0  3.93256  3.72449  4.33865  4.03631
  61.0  3.92905  3.72529  4.33339  4.03025
  60.0  3.92557  3.72608  4.32803  4.0239
  59.0  3.9221   3.72685  4.32256  4.01725
  58.0  3.91865  3.72758  4.31697  4.01028
  57.0  3.91523  3.72827  4.31125  4.00295
  56.0  3.91182  3.72888  4.3054   3.99526
  55.0  3.90843  3.7294   4.2994   3.98717
  54.0  3.90506  3.72981  4.29324  3.97865
  53.0  3.90169  3.73006  4.28691  3.96968
  52.0  3.89834  3.73013  4.2804   3.96022
  51.0  3.89499  3.72997  4.27369  3.95022
  50.0  3.89164  3.72953  4.26676  3.93966
  49.0  3.88829  3.72878  4.25961  3.92849
  48.0  3.88491  3.72764  4.2522   3.91665
  47.0  3.88152  3.72604  4.24452  3.9041
  46.0  3.87808  3.72391  4.23655  3.89078
  45.0  3.8746   3.72115  4.22825  3.87664
  44.0  3.87105  3.71767  4.21961  3.86161
  43.0  3.8674   3.71335  4.21058  3.84562
  42.0  3.86365  3.70806  4.20113  3.82861
  41.0  3.85975  3.70164  4.19123  3.81051
  40.0  3.85567  3.69393  4.18083  3.79126
  39.0  3.85137  3.68473  4.16987  3.77078
  38.0  3.8468   3.67382  4.15832  3.74903
  37.0  3.8419   3.66096  4.14611  3.72596
  36.0  3.83659  3.64587  4.13319  3.70154
  35.0  3.8308   3.62824  4.11949  3.67577
  34.0  3.82443  3.60772  4.10493  3.64866
  33.0  3.81734  3.58396  4.08946  3.62027
  32.0  3.80941  3.55655  4.07299  3.59072
  31.0  3.80046  3.52512  4.05545  3.56015
  30.0  3.7903   3.48929  4.03679  3.52879
  29.0  3.7787   3.44875  4.01693  3.4969
  28.0  3.76541  3.40332  3.99583  3.46481
  27.0  3.75013  3.35305  3.97344  3.4329
  26.0  3.73257  3.29832  3.94975  3.40156
  25.0  3.7124   3.23993  3.92477  3.3712
  24.0  3.68937  3.1793   3.89851  3.3422
  23.0  3.66324  3.11839  3.87102  3.31491
  22.0  3.63394  3.05971  3.84238  3.28955
  21.0  3.60156  3.00596  3.81268  3.26629
  20.0  3.56638  2.95964  3.78201  3.24514
  19.0  3.52892  2.92251  3.75049  3.226
  18.0  3.48983  2.89517  3.71821  3.20863
  17.0  3.44981  2.87688  3.68526  3.19269
  16.0  3.40949  2.86566  3.6517   3.17771
  15.0  3.36934  2.8585   3.61755  3.16316
  14.0  3.32953  2.85169  3.58278  3.14845
  13.0  3.28985  2.84119  3.54731  3.13299
  12.0  3.24969  2.82301  3.51098  3.11632
  11.0  3.20798  2.79396  3.47356  3.09815
  10.0  3.16322  2.75314  3.43481  3.0787