-5 5.3755 3.0717 2.76367 300.0000	  -3.93
1 5.3755 3.0717 2.76367 300.0000	  -3.93
3 5.3755 3.0717 2.76367 300.0000	  -3.93
5 5.3755 3.0717 2.76367 300.0000	  -3.93
7 5.3755 3.0717 2.76367 300.0000	  -3.93
9 5.3755 3.0717 2.76367 300.0000	  -3.93
11 6.5751 3.7572 2.76427 300.0000	   1.92
13 6.5751 3.7572 2.76427 300.0000	   1.92
15 6.5751 3.7572 2.76427 300.0000	   1.92
17 6.5751 3.7572 2.76427 300.0000	   1.92
19 6.5751 3.7572 2.76427 300.0000	   1.92
21 6.5751 3.7572 2.76427 300.0000	   1.92
23 6.7708 3.7408 2.89622 300.0000	   2.7
25 6.7708 3.7408 2.89622 300.0000	   2.7
27 6.7708 3.7408 2.89622 300.0000	   2.7
29 6.7708 3.7408 2.89622 300.0000	   2.7
31 6.7708 3.7408 2.89622 300.0000	   2.7
33 6.7708 3.7408 2.89622 300.0000	   2.7
35 7.8544 4.5649 3.30161 4132.3799	   2.81
37 7.8446 4.5573 3.30068 3101.0976	   3.02
39 7.8509 4.5554 3.30376 2351.0175	   3.23
41 7.9130 4.5730 3.32025 1799.8889	   3.44
43 7.9023 4.5641 3.3191 1390.8410	   3.65
45 7.8928 4.5556 3.31822 1084.2563	   3.85
47 7.8828 4.5465 3.3173 852.3860	   4.06
49 7.8726 4.5372 3.31636 675.5030	   4.27
51 7.8554 4.5255 3.31393 539.4468	   4.48
53 7.8432 4.5149 3.31274 433.9656	   4.69
55 7.8312 4.5039 3.31161 351.5709	   4.9
57 7.8141 4.4910 3.30949 286.7417	   5.0
59 7.8003 4.4785 3.30821 235.3787	   5.0
61 7.7843 4.4649 3.30654 194.4138	   5.0
63 7.7670 4.4501 3.3048 161.5327	   5.0
65 7.7396 4.4317 3.30093 134.9773	   5.0
67 7.7244 4.4161 3.29996 113.4047	   5.0
69 7.7064 4.3988 3.29856 95.7815	   5.0
71 7.6844 4.3793 3.29652 81.3061	   5.0
73 7.6612 4.3586 3.29444 69.3536	   5.0
75 7.6214 4.3317 3.28905 59.4342	   5.0
77 7.6013 4.3093 3.28819 51.1622	   5.0
109 7.7748 4.3120 3.34124 39.5854	   5.0
111 7.7869 4.3174 3.34383 40.3034	   4.96
113 7.7985 4.3224 3.34637 41.0349	   4.87
115 7.8087 4.3271 3.34869 41.7801	   4.79
117 7.8191 4.3315 3.35098 42.5391	   4.7
119 7.8299 4.3362 3.35343 43.3123	   4.62
121 7.8400 4.3408 3.35566 44.1000	   4.54
123 7.8489 4.3449 3.35772 44.9023	   4.45
125 7.8602 4.3497 3.36027 45.7196	   4.37
127 7.8723 4.3552 3.36287 46.5522	   4.28
129 7.8821 4.3595 3.3651 47.4004	   4.2
131 7.8925 4.3641 3.36748 48.2645	   4.11
133 7.9022 4.3682 3.3697 49.1447	   4.03
135 7.9110 4.3722 3.37176 50.0414	   3.95
137 7.9194 4.3759 3.37395 50.9548	   3.86
139 7.9288 4.3800 3.37614 51.8852	   3.78
141 7.9365 4.3836 3.37801 52.8330	   3.69
143 7.9463 4.3878 3.38032 53.7986	   3.61
145 7.9542 4.3912 3.3822 54.7821	   3.52
147 7.9640 4.3952 3.38453 55.7840	   3.44
149 7.9721 4.3991 3.38646 56.8047	   3.35
151 7.9803 4.4026 3.38848 57.8444	   3.32
153 7.9891 4.4065 3.39058 58.9035	   3.34
155 7.9973 4.4100 3.39256 59.9825	   3.35
157 8.0059 4.4138 3.39467 61.0816	   3.37
159 8.0141 4.4172 3.39664 62.2013	   3.38
161 8.0220 4.4207 3.39859 63.3419	   3.4
163 8.0300 4.4241 3.40058 64.5038	   3.42
165 8.0385 4.4276 3.4027 65.6875	   3.43
167 8.0458 4.4308 3.40451 66.8934	   3.45
169 8.0539 4.4343 3.40644 68.1218	   3.47
171 8.0639 4.4387 3.40895 69.3733	   3.48
173 8.0710 4.4417 3.41077 70.6483	   3.5
175 8.0795 4.4454 3.41287 71.9472	   3.51
177 8.0873 4.4487 3.41482 73.2704	   3.53
179 8.0948 4.4519 3.41675 74.6185	   3.55
181 8.1025 4.4551 3.41869 75.9918	   3.56
183 8.1106 4.4584 3.42075 77.3909	   3.58
185 8.1182 4.4616 3.42268 78.8163	   3.6
187 8.1252 4.4646 3.42446 80.2684	   3.61
189 8.1325 4.4674 3.42641 81.7477	   3.63
191 8.1394 4.4700 3.42824 82.8964	   3.64
193 8.1467 4.4727 3.4302 83.9535	   3.66
195 8.1533 4.4750 3.432 85.0235	   3.68
197 8.1593 4.4772 3.43367 86.1064	   3.69
199 8.1658 4.4795 3.43547 87.2025	   3.71
201 8.1730 4.4821 3.43741 88.3119	   3.74
203 8.1795 4.4844 3.4392 89.4349	   3.78
205 8.1861 4.4867 3.441 90.5715	   3.81
207 8.1923 4.4889 3.44281 91.7219	   3.85
209 8.1987 4.4911 3.44459 92.8862	   3.89
211 8.2050 4.4931 3.44638 94.0646	   3.93
213 8.2109 4.4952 3.44805 95.2573	   3.97
215 8.2172 4.4974 3.44984 96.4644	   4.01
217 8.2242 4.5000 3.45176 97.6861	   4.05
219 8.2306 4.5022 3.45353 98.9226	   4.09
221 8.2375 4.5046 3.45541 100.1741	   4.13
223 8.2438 4.5068 3.45717 101.4408	   4.17
225 8.2500 4.5089 3.45894 102.7227	   4.21
227 8.2557 4.5109 3.4606 104.0200	   4.24
229 8.2619 4.5129 3.46237 105.3330	   4.28
231 8.2680 4.5149 3.46413 106.6618	   4.32
233 8.2742 4.5171 3.46589 108.0065	   4.36
235 8.2810 4.5195 3.46778 109.3675	   4.4
237 8.2872 4.5216 3.46955 110.7449	   4.44
239 8.2935 4.5238 3.47132 112.1389	   4.48
241 8.2996 4.5259 3.47307 113.5496	   4.52
243 8.3057 4.5280 3.47482 114.9772	   4.56
245 8.3127 4.5303 3.47685 116.4221	   4.6
247 8.3188 4.5323 3.47859 117.8843	   4.64
249 8.3249 4.5344 3.48034 119.3642	   4.67
251 8.3309 4.5365 3.48208 120.8617	   4.71
253 8.3369 4.5385 3.48383 122.3771	   4.75
255 8.3429 4.5405 3.48557 123.9107	   4.79
257 8.3489 4.5426 3.48731 125.4626	   4.83
259 8.3553 4.5446 3.4892 127.0332	   4.87
261 8.3613 4.5466 3.49093 128.6225	   4.87
263 8.3672 4.5486 3.49267 130.2308	   4.82
265 8.3737 4.5508 3.49454 131.8584	   4.77
267 8.3796 4.5528 3.49628 133.5054	   4.73
269 8.3863 4.5551 3.49814 135.1721	   4.68
271 8.3926 4.5571 3.50003 136.8588	   4.63
273 8.3984 4.5591 3.50176 138.5656	   4.58
275 8.4049 4.5613 3.50364 140.2928	   4.54
277 8.4107 4.5632 3.50537 142.0407	   4.49
279 8.4171 4.5654 3.50724 143.8093	   4.44
281 8.4229 4.5674 3.50897 145.5990	   4.4
283 8.4290 4.5693 3.51087 147.4101	   4.35
285 8.4348 4.5712 3.5126 149.2428	   4.3
287 8.4412 4.5734 3.51447 151.0972	   4.26
289 8.4470 4.5753 3.5162 152.9738	   4.21
291 8.4534 4.5776 3.51814 154.8726	   4.16
293 8.4598 4.5800 3.52005 156.7942	   4.12
295 8.4663 4.5820 3.52203 158.7390	   4.07
297 8.4718 4.5838 3.52369 160.7090	   4.02
299 8.4781 4.5859 3.52557 162.7024	   3.98
301 8.4844 4.5881 3.52743 164.7195	   3.93
303 8.4907 4.5903 3.52932 166.7607	   3.88
305 8.4967 4.5921 3.53123 168.8261	   3.83
307 8.5029 4.5943 3.53312 170.9162	   3.79
309 8.5086 4.5962 3.53483 173.0311	   3.74
311 8.5148 4.5983 3.53673 175.1711	   3.69
313 8.5215 4.6006 3.53883 177.3366	   3.65
315 8.5278 4.6027 3.54072 179.5280	   3.6
317 8.5340 4.6049 3.54262 181.7455	   3.55
319 8.5402 4.6070 3.54451 183.9893	   3.51
321 8.5456 4.6080 3.54659 186.2598	   3.46
323 8.5518 4.6102 3.54849 188.5574	   3.41
325 8.5580 4.6123 3.5504 190.8823	   3.37
327 8.5651 4.6148 3.55259 193.2349	   3.32
329 8.5711 4.6167 3.55452 195.6157	   3.27
331 8.5779 4.6192 3.55662 198.0248	   3.21
333 8.5841 4.6213 3.55855 200.4625	   3.13
335 8.5903 4.6235 3.56047 202.9292	   3.05
337 8.5970 4.6258 3.56262 205.4253	   2.98
339 8.6032 4.6279 3.56456 207.9511	   2.9
341 8.6100 4.6303 3.56669 210.5070	   2.82
343 8.6173 4.6330 3.569 213.0935	   2.74
345 8.6235 4.6351 3.57094 215.7109	   2.67
347 8.6304 4.6376 3.5731 218.3594	   2.59
349 8.6371 4.6399 3.5753 221.0396	   2.51
351 8.6439 4.6424 3.57752 223.7519	   2.43
353 8.6500 4.6445 3.57949 226.4964	   2.36
355 8.6567 4.6467 3.58173 229.2737	   2.28
357 8.6735 4.6590 3.58491 232.0848	   2.2
359 8.6794 4.6606 3.58703 234.9300	   2.12
361 8.6850 4.6622 3.58895 237.8091	   2.05
363 8.6909 4.6638 3.5911 240.7223	   1.97
365 8.6961 4.6647 3.59324 243.6703	   1.89
367 8.7021 4.6663 3.59541 246.6533	   1.81
369 8.7083 4.6681 3.59763 249.6720	   1.74
371 8.7139 4.6696 3.59959 252.7265	   1.66
373 8.7196 4.6705 3.60207 255.8176	   1.58
375 8.7253 4.6722 3.60404 258.9455	   1.5
377 8.7310 4.6744 3.60578 262.1102	   1.43
379 8.7370 4.6768 3.60757 265.3120	   1.35
381 8.7416 4.6782 3.60905 268.5511	   1.27
383 8.7475 4.6802 3.61097 271.8280	   1.19
385 8.7526 4.6820 3.61258 275.1433	   1.12
387 8.7585 4.6843 3.61434 278.4972	   0.04
389 8.7634 4.6858 3.61602 281.8903	   0.96
391 8.7695 4.6881 3.61786 285.3230	   0.88
393 8.7746 4.6899 3.61953 288.7958	   0.81
395 8.7802 4.6919 3.62128 292.3090	   0.73
397 8.7855 4.6938 3.62292 295.8632	   0.65
399 8.7906 4.6956 3.62451 299.4586	   0.57
401 8.7966 4.6979 3.62633 303.0958	   0.0
410 9.315 5.342 3.9317 99999999	   2.2
420 9.348 5.360 3.93082 99999999	   1.71
435 9.398 5.387 3.9295 99999999	   0.98
460 9.482 5.432 3.9273 99999999	  -0.24
485 9.566 5.478 3.9253 99999999	  -1.46
510 9.650 5.523 3.9233 99999999	  -2.68
535 9.734 5.569 3.92255 99999999	  -3.9
560 9.817 5.614 3.9218 99999999	  -5.12
585 9.901 5.660 3.9212 99999999	  -6.34
610 9.985 5.705 3.9206 99999999	  -7.56
635 10.069 5.751 3.92035 99999999	  -8.78
650 10.119 5.778 3.9202 99999999	  -9.51
660 10.153 5.796 3.9201 99999999	 -10.0
660 10.8562 6.0246 4.2687  99999999	 -10.0
710 10.8562 6.0246 4.2687 99999999	   0.0
710 10.9883 6.1493 4.3275 99999999	   0.0
760 10.9883 6.1493 4.3275 99999999	   0.0
760 11.0953 6.2262 4.3842 99999999	   0.0
809.5 11.0953 6.2262 4.3842 99999999	   0.0
809.5 11.1790 6.2611 4.4384 99999999	   0.0
859 11.1790 6.2611 4.4384 99999999	   0.0
859 11.2646 6.2981 4.4906 99999999	   0.0
908.5 11.2646 6.2981 4.4906 99999999	   0.0
908.5 11.3481 6.3341 4.5408 99999999	   0.0
958 11.3481 6.3341 4.5408 99999999	   0.0
958 11.4299 6.3689 4.5790 99999999	   0.0
1007.5 11.4299 6.3689 4.5790 99999999	   0.0
1007.5 11.5097 6.4021 4.6062 99999999	   0.0
1057 11.5097 6.4021 4.6062 99999999	   0.0
1057 11.5878 6.4348 4.6333 99999999	   0.0
1106.5 11.5878 6.4348 4.6333 99999999	   0.0
1106.5 11.6641 6.4668 4.6601 99999999	   0.0
1156 11.6641 6.4668 4.6601 99999999	   0.0
1156 11.7393 6.4976 4.6868 99999999	   0.0
1205.5 11.7393 6.4976 4.6868 99999999	   0.0
1205.5 11.8128 6.5281 4.7134 99999999	   0.0
1255 11.8128 6.5281 4.7134 99999999	   0.0
1255 11.8848 6.5579 4.7397 99999999	   0.0
1304.5 11.8848 6.5579 4.7397 99999999	   0.0
1304.5 11.9549 6.5868 4.7659 99999999	   0.0
1354 11.9549 6.5868 4.7659 99999999	   0.0
1354 12.0230 6.6147 4.7920 99999999	   0.0
1403.5 12.0230 6.6147 4.7920 99999999	   0.0
1403.5 12.0908 6.6419 4.8179 99999999	   0.0
1453 12.0908 6.6419 4.8179 99999999	   0.0
1453 12.1579 6.6683 4.8435 99999999	   0.0
1502.5 12.1579 6.6683 4.8435 99999999	   0.0
1502.5 12.2234 6.6941 4.8689 99999999	   0.0
1552 12.2234 6.6941 4.8689 99999999	   0.0
1552 12.2869 6.7196 4.8943 99999999	   0.0
1601.5 12.2869 6.7196 4.8943 99999999	   0.0
1601.5 12.3496 6.7451 4.9195 99999999	   0.0
1651 12.3496 6.7451 4.9195 99999999	   0.0
1651 12.4119 6.7699 4.9445 99999999	   0.0
1700.5 12.4119 6.7699 4.9445 99999999	   0.0
1700.5 12.4728 6.7938 4.9693 99999999	   0.0
1750 12.4728 6.7938 4.9693 99999999	   0.0
1750 12.5333 6.8172 4.9939 99999999	   0.0
1799.5 12.5333 6.8172 4.9939 99999999	   0.0
1799.5 12.5931 6.8403 5.0184 99999999	   0.0
1849 12.5931 6.8403 5.0184 99999999	   0.0
1849 12.6516 6.8630 5.0427 99999999	   0.0
1898.5 12.6516 6.8630 5.0427 99999999	   0.0
1898.5 12.7095 6.8857 5.0668 99999999	   0.0
1948 12.7095 6.8857 5.0668 99999999	   0.0
1948 12.7669 6.9083 5.0908 99999999	   0.0
1997.5 12.7669 6.9083 5.0908 99999999	   0.0
1997.5 12.8239 6.9305 5.1146 99999999	   0.0
2047 12.8239 6.9305 5.1146 99999999	   0.0
2047 12.8808 6.9520 5.1382 99999999	   0.0
2096.5 12.8808 6.9520 5.1382 99999999	   0.0
2096.5 12.9377 6.9738 5.1616 99999999	   0.0
2146 12.9377 6.9738 5.1616 99999999	   0.0
2146 12.9944 6.9960 5.1848 99999999	   0.0
2195.5 12.9944 6.9960 5.1848 99999999	   0.0
2195.5 13.0505 7.0177 5.2078 99999999	   0.0
2245 13.0505 7.0177 5.2078 99999999	   0.0
2245 13.1061 7.0395 5.2306 99999999	   0.0
2294.5 13.1061 7.0395 5.2306 99999999	   0.0
2294.5 13.1615 7.0613 5.2533 99999999	   0.0
2344 13.1615 7.0613 5.2533 99999999	   0.0
2344 13.2179 7.0827 5.2758 99999999	   0.0
2393.5 13.2179 7.0827 5.2758 99999999	   0.0
2393.5 13.2740 7.1038 5.2981 99999999	   0.0
2443 13.2740 7.1038 5.2981 99999999	   0.0
2443 13.3300 7.1256 5.3202 99999999	   0.0
2492.5 13.3300 7.1256 5.3202 99999999	   0.0
2492.5 13.3869 7.1476 5.3422 99999999	   0.0
2542 13.3869 7.1476 5.3422 99999999	   0.0
2542 13.4448 7.1694 5.3639 99999999	   0.0
2591.5 13.4448 7.1694 5.3639 99999999	   0.0
2591.5 13.5025 7.1917 5.3855 99999999	   0.0
2640 13.5025 7.1917 5.3855 99999999	   0.0
2640 13.5604 7.2142 5.4069 99999999	   0.0
2690 13.5604 7.2142 5.4069 99999999	   0.0
2690 13.6198 7.2369 5.4282 99999999	   0.0
2740 13.6198 7.2369 5.4282 99999999	   0.0
2740 13.6516 7.2539 5.7065 99999999	   0.0
2789.67 13.6516 7.2539 5.7065 99999999	   0.0
2789.67 13.6552 7.2646 5.7327 99999999	   0.0
2839.33 13.6552 7.2646 5.7327 99999999	   0.0
2839.33 13.6585 7.2758 5.7590 99999999	   0.0
2891.5 13.6585 7.2758 5.7590 99999999	   0.0
2939.33 8.0191 0.000 9.9543 99999999	   0.0