 200.0  4.66418  3.52417  4.98861  4.35289  7.3965   5.61224  7.86016  5.55312  9.08645  6.30155  10.9595   5.99848
 199.0  4.65665  3.52415  4.98497  4.3522   7.38475  5.60905  7.84384  5.54404  9.06645  6.30591  10.9145   6.00908
 198.0  4.64915  3.52422  4.98133  4.35152  7.37302  5.60581  7.82749  5.53486  9.04658  6.31004  10.8701   6.01914
 197.0  4.64166  3.52436  4.97769  4.35085  7.3613   5.60252  7.81112  5.52558  9.02684  6.31394  10.8261   6.02864
 196.0  4.63421  3.52457  4.97406  4.35017  7.34958  5.59917  7.79472  5.5162   9.00722  6.31761  10.7827   6.03759
 195.0  4.62678  3.52486  4.97042  4.3495   7.33788  5.59577  7.77829  5.50673  8.98772  6.32107  10.7397   6.04599
 194.0  4.61938  3.52522  4.96679  4.34882  7.32618  5.5923   7.76184  5.49716  8.96835  6.32431  10.6972   6.05386
 193.0  4.612    3.52566  4.96315  4.34815  7.31448  5.58876  7.74536  5.4875   8.94908  6.32734  10.6552   6.0612
 192.0  4.60465  3.52617  4.95952  4.34748  7.30279  5.58516  7.72884  5.47776  8.92994  6.33017  10.6136   6.06801
 191.0  4.59733  3.52675  4.95589  4.34681  7.29111  5.58148  7.7123   5.46792  8.9109   6.33279  10.5725   6.0743
 190.0  4.59004  3.5274   4.95225  4.34615  7.27943  5.57773  7.69572  5.45799  8.89196  6.33522  10.5317   6.08008
 189.0  4.58278  3.52811  4.94862  4.34548  7.26775  5.5739   7.67912  5.44798  8.87314  6.33745  10.4914   6.08535
 188.0  4.57555  3.5289   4.94499  4.34481  7.25608  5.56999  7.66247  5.43789  8.85441  6.3395   10.4514   6.09013
 187.0  4.56834  3.52976  4.94136  4.34415  7.24441  5.56599  7.6458   5.42772  8.83578  6.34136  10.4118   6.09442
 186.0  4.56117  3.53068  4.93773  4.34348  7.23274  5.5619   7.62908  5.41747  8.81725  6.34304  10.3726   6.09824
 185.0  4.55403  3.53166  4.9341   4.34282  7.22107  5.55773  7.61233  5.40714  8.79882  6.34454  10.3337   6.10158
 184.0  4.54692  3.53271  4.93048  4.34216  7.20939  5.55346  7.59555  5.39674  8.78047  6.34587  10.2952   6.10448
 183.0  4.53984  3.53383  4.92685  4.34149  7.19772  5.54909  7.57872  5.38626  8.76222  6.34704  10.257    6.10692
 182.0  4.5328   3.535    4.92322  4.34083  7.18604  5.54462  7.56186  5.37572  8.74405  6.34803  10.2191   6.10893
 181.0  4.52579  3.53624  4.9196   4.34017  7.17436  5.54004  7.54496  5.36512  8.72596  6.34886  10.1815   6.11052
 180.0  4.51881  3.53753  4.91597  4.3395   7.16268  5.53536  7.52801  5.35445  8.70796  6.34954  10.1442   6.1117
 179.0  4.51186  3.53889  4.91235  4.33884  7.15099  5.53057  7.51103  5.34372  8.69004  6.35005  10.1072   6.11248
 178.0  4.50495  3.5403   4.90872  4.33817  7.13929  5.52567  7.494    5.33294  8.6722   6.35041  10.0705   6.11288
 177.0  4.49807  3.54177  4.9051   4.33751  7.12758  5.52064  7.47693  5.32211  8.65443  6.35062  10.034    6.11291
 176.0  4.49123  3.54329  4.90147  4.33684  7.11587  5.5155   7.45982  5.31122  8.63674  6.35069   9.99781  6.11258
 175.0  4.48442  3.54486  4.89785  4.33617  7.10414  5.51024  7.44266  5.3003   8.61912  6.3506    9.96186  6.11191
 174.0  4.47765  3.54649  4.89423  4.33551  7.0924   5.50485  7.42546  5.28933  8.60156  6.35037   9.92616  6.11091
 173.0  4.47091  3.54817  4.89061  4.33484  7.08065  5.49933  7.40822  5.27832  8.58408  6.35      9.89069  6.1096
 172.0  4.46421  3.5499   4.88699  4.33416  7.06889  5.49369  7.39093  5.26728  8.56666  6.34949   9.85546  6.10799
 171.0  4.45754  3.55168  4.88336  4.33349  7.0571   5.4879   7.37359  5.25621  8.54931  6.34884   9.82045  6.1061
 170.0  4.45091  3.5535   4.87974  4.33282  7.0453   5.48198  7.35621  5.24511  8.53202  6.34805   9.78566  6.10394
 169.0  4.44432  3.55537  4.87612  4.33214  7.03349  5.47592  7.33878  5.234    8.51479  6.34713   9.75107  6.10152
 168.0  4.43776  3.55729  4.8725   4.33146  7.02165  5.46972  7.32131  5.22287  8.49762  6.34607   9.7167   6.09886
 167.0  4.43124  3.55924  4.86888  4.33078  7.00979  5.46338  7.30379  5.21172  8.48051  6.34488   9.68252  6.09599
 166.0  4.42476  3.56124  4.86526  4.3301   6.99791  5.45689  7.28622  5.20057  8.46345  6.34355   9.64854  6.0929
 165.0  4.41832  3.56327  4.86164  4.32941  6.986    5.45024  7.2686   5.18941  8.44645  6.34209   9.61474  6.08961
 164.0  4.41191  3.56535  4.85802  4.32872  6.97407  5.44345  7.25094  5.17826  8.4295   6.3405    9.58113  6.08614
 163.0  4.40555  3.56746  4.8544   4.32803  6.9621   5.4365   7.23323  5.16711  8.41259  6.33877   9.54771  6.0825
 162.0  4.39922  3.5696   4.85079  4.32733  6.95011  5.4294   7.21548  5.15598  8.39574  6.33691   9.51445  6.07871
 161.0  4.39292  3.57178  4.84717  4.32664  6.93809  5.42214  7.19767  5.14486  8.37893  6.33492   9.48137  6.07477
 160.0  4.38667  3.57399  4.84355  4.32593  6.92604  5.41472  7.17982  5.13376  8.36217  6.33279   9.44846  6.07069
 159.0  4.38046  3.57624  4.83993  4.32522  6.91395  5.40714  7.16193  5.12268  8.34545  6.33053   9.41572  6.06649
 158.0  4.37428  3.5785   4.83631  4.32451  6.90182  5.3994   7.14398  5.11164  8.32877  6.32813   9.38314  6.06218
 157.0  4.36815  3.5808   4.83269  4.3238   6.88966  5.39149  7.12599  5.10063  8.31214  6.32559   9.35071  6.05777
 156.0  4.36205  3.58312  4.82907  4.32308  6.87745  5.38342  7.10796  5.08966  8.29553  6.32291   9.31844  6.05325
 155.0  4.35599  3.58547  4.82545  4.32235  6.8652   5.37518  7.08988  5.07874  8.27897  6.3201    9.28633  6.04865
 154.0  4.34997  3.58783  4.82183  4.32162  6.85291  5.36677  7.07176  5.06786  8.26244  6.31713   9.25436  6.04396
 153.0  4.34399  3.59022  4.8182   4.32088  6.84058  5.35819  7.05359  5.05704  8.24594  6.31403   9.22254  6.03918
 152.0  4.33805  3.59262  4.81458  4.32014  6.82819  5.34945  7.03537  5.04628  8.22947  6.31077   9.19087  6.03434
 151.0  4.33215  3.59504  4.81096  4.31939  6.81576  5.34053  7.01712  5.03558  8.21303  6.30736   9.15934  6.02941
 150.0  4.32629  3.59748  4.80734  4.31864  6.80328  5.33145  6.99882  5.02494  8.19662  6.3038    9.12795  6.02441
 149.0  4.32047  3.59993  4.80371  4.31787  6.79074  5.32219  6.98049  5.01438  8.18023  6.30008   9.0967   6.01934
 148.0  4.31469  3.60239  4.80009  4.31711  6.77814  5.31277  6.96211  5.00389  8.16387  6.2962    9.06558  6.01419
 147.0  4.30894  3.60486  4.79646  4.31633  6.76549  5.30317  6.94369  4.99347  8.14752  6.29215   9.0346   6.00895
 146.0  4.30324  3.60734  4.79284  4.31554  6.75278  5.29341  6.92523  4.98314  8.1312   6.28793   9.00374  6.00363
 145.0  4.29757  3.60982  4.78921  4.31475  6.74001  5.28348  6.90674  4.9729   8.11489  6.28354   8.97302  5.99822
 144.0  4.29195  3.61231  4.78558  4.31395  6.72717  5.27338  6.88821  4.96274  8.09859  6.27897   8.94241  5.99271
 143.0  4.28636  3.6148   4.78195  4.31314  6.71427  5.26311  6.86964  4.95267  8.0823   6.27421   8.91193  5.98709
 142.0  4.28081  3.61729  4.77831  4.31232  6.7013   5.25268  6.85104  4.9427   8.06603  6.26926   8.88157  5.98135
 141.0  4.2753   3.61977  4.77468  4.31149  6.68826  5.24208  6.83241  4.93282  8.04976  6.26411   8.85133  5.97547
 140.0  4.26983  3.62226  4.77105  4.31065  6.67514  5.23132  6.81374  4.92304  8.03349  6.25876   8.8212   5.96945
 139.0  4.2644   3.62474  4.76741  4.30981  6.66196  5.2204   6.79505  4.91336  8.01723  6.2532    8.79118  5.96326
 138.0  4.259    3.62721  4.76377  4.30894  6.64869  5.20933  6.77632  4.90378  8.00097  6.24742   8.76127  5.9569
 137.0  4.25365  3.62967  4.76013  4.30807  6.63535  5.19809  6.75757  4.8943   7.9847   6.24141   8.73145  5.95033
 136.0  4.24833  3.63213  4.75648  4.30719  6.62193  5.1867   6.73879  4.88492  7.96843  6.23518   8.70174  5.94356
 135.0  4.24305  3.63457  4.75284  4.30629  6.60842  5.17516  6.71998  4.87565  7.95214  6.2287    8.67212  5.93654
 134.0  4.23781  3.63699  4.74919  4.30538  6.59483  5.16348  6.70115  4.86648  7.93584  6.22196   8.64258  5.92926
 133.0  4.23261  3.6394   4.74554  4.30446  6.58115  5.15164  6.6823   4.85741  7.91953  6.21497   8.61313  5.92169
 132.0  4.22744  3.64179  4.74188  4.30352  6.56739  5.13967  6.66342  4.84845  7.9032   6.20771   8.58376  5.91382
 131.0  4.22231  3.64417  4.73823  4.30257  6.55353  5.12755  6.64452  4.83958  7.88684  6.20016   8.55446  5.90561
 130.0  4.21721  3.64652  4.73457  4.3016   6.53958  5.1153   6.62561  4.83082  7.87046  6.19232   8.52523  5.89703
 129.0  4.21216  3.64884  4.7309   4.30062  6.52553  5.10291  6.60667  4.82215  7.85404  6.18417   8.49605  5.88807
 128.0  4.20713  3.65115  4.72724  4.29962  6.51139  5.09039  6.58772  4.81359  7.83759  6.17571   8.46693  5.87867
 127.0  4.20215  3.65342  4.72356  4.2986   6.49715  5.07775  6.56876  4.80511  7.8211   6.16691   8.43785  5.86883
 126.0  4.1972   3.65567  4.71989  4.29757  6.48281  5.06498  6.54977  4.79673  7.80457  6.15777   8.40881  5.85849
 125.0  4.19228  3.65789  4.71621  4.29651  6.46836  5.05209  6.53078  4.78844  7.78799  6.14827   8.37979  5.84764
 124.0  4.1874   3.66007  4.71252  4.29544  6.45381  5.03909  6.51177  4.78023  7.77135  6.13839   8.35079  5.83623
 123.0  4.18255  3.66223  4.70884  4.29435  6.43916  5.02597  6.49276  4.7721   7.75466  6.12811   8.3218   5.82424
 122.0  4.17774  3.66434  4.70514  4.29323  6.42439  5.01273  6.47373  4.76406  7.7379   6.11742   8.29281  5.81162
 121.0  4.17296  3.66643  4.70144  4.29209  6.40951  4.99939  6.45469  4.75608  7.72107  6.10631   8.2638   5.79835
 120.0  4.16821  3.66847  4.69774  4.29093  6.39453  4.98594  6.43564  4.74818  7.70417  6.09474   8.23477  5.78438
 119.0  4.1635   3.67047  4.69403  4.28975  6.37942  4.97239  6.41659  4.74034  7.68718  6.0827    8.2057   5.76969
 118.0  4.15882  3.67244  4.69031  4.28854  6.3642   4.95873  6.39753  4.73257  7.6701   6.07017   8.17658  5.75424
 117.0  4.15417  3.67436  4.68659  4.28731  6.34887  4.94497  6.37846  4.72485  7.65293  6.05712   8.1474   5.73799
 116.0  4.14955  3.67624  4.68286  4.28604  6.33341  4.93111  6.35939  4.71718  7.63566  6.04353   8.11814  5.72092
 115.0  4.14496  3.67807  4.67912  4.28476  6.31783  4.91714  6.34031  4.70956  7.61827  6.02938   8.08878  5.703
 114.0  4.1404   3.67987  4.67537  4.28344  6.30213  4.90308  6.32123  4.70197  7.60076  6.01463   8.05932  5.68419
 113.0  4.13587  3.68161  4.67162  4.28209  6.2863   4.88891  6.30214  4.69443  7.58312  5.99926   8.02974  5.66448
 112.0  4.13137  3.68331  4.66786  4.28071  6.27034  4.87464  6.28304  4.68691  7.56534  5.98324   8.00002  5.64385
 111.0  4.1269   3.68496  4.66409  4.27929  6.25426  4.86026  6.26395  4.67943  7.54741  5.96654   7.97014  5.62227
 110.0  4.12246  3.68656  4.66031  4.27784  6.23804  4.84578  6.24485  4.67196  7.52932  5.94912   7.94008  5.59974
 109.0  4.11804  3.68811  4.65652  4.27636  6.22169  4.83118  6.22574  4.66451  7.51107  5.93096   7.90983  5.57625
 108.0  4.11365  3.68961  4.65272  4.27484  6.2052   4.81646  6.20663  4.65707  7.49262  5.91201   7.87938  5.55181
 107.0  4.10929  3.69106  4.64891  4.27328  6.18857  4.80163  6.18751  4.64964  7.47399  5.89225   7.84869  5.52642
 106.0  4.10495  3.69246  4.64509  4.27168  6.1718   4.78666  6.16839  4.64222  7.45514  5.87163   7.81776  5.50012
 105.0  4.10064  3.69381  4.64126  4.27004  6.15489  4.77157  6.14927  4.63479  7.43607  5.85011   7.78657  5.47292
 104.0  4.09635  3.69511  4.63741  4.26835  6.13783  4.75633  6.13014  4.62737  7.41676  5.82766   7.7551   5.44489
 103.0  4.09209  3.69636  4.63356  4.26662  6.12062  4.74095  6.111    4.61994  7.39719  5.80425   7.72333  5.41606
 102.0  4.08785  3.69756  4.62968  4.26484  6.10326  4.72541  6.09186  4.6125   7.37735  5.77982   7.69124  5.38651
 101.0  4.08363  3.69871  4.6258   4.26301  6.08574  4.70971  6.07271  4.60506  7.35722  5.75435   7.65884  5.35633
 100.0  4.07944  3.69981  4.6219   4.26114  6.06806  4.69384  6.05355  4.59762  7.33679  5.7278    7.62609  5.32561
  99.0  4.07526  3.70086  4.61798  4.2592   6.05022  4.67779  6.03439  4.59016  7.31602  5.70013   7.59299  5.29448
  98.0  4.07111  3.70186  4.61405  4.25721  6.03222  4.66156  6.01521  4.58271  7.29491  5.67131   7.55953  5.26305
  97.0  4.06698  3.70282  4.6101   4.25517  6.01404  4.64513  5.99603  4.57525  7.27342  5.64132   7.52571  5.23147
  96.0  4.06287  3.70373  4.60613  4.25306  5.99569  4.6285   5.97684  4.56779  7.25153  5.61014   7.49152  5.19989
  95.0  4.05877  3.70459  4.60214  4.25088  5.97716  4.61167  5.95764  4.56035  7.22923  5.57775   7.45696  5.16849
  94.0  4.0547   3.70541  4.59813  4.24865  5.95845  4.59463  5.93843  4.55291  7.20649  5.54415   7.42205  5.13744
  93.0  4.05065  3.7062   4.5941   4.24634  5.93954  4.57738  5.91921  4.54549  7.18328  5.50934   7.38678  5.10691
  92.0  4.04661  3.70694  4.59005  4.24396  5.92045  4.55992  5.89998  4.53811  7.15957  5.47336   7.35117  5.07709
  91.0  4.04259  3.70765  4.58597  4.24151  5.90116  4.54225  5.88074  4.53076  7.13535  5.43623   7.31525  5.04816
  90.0  4.03859  3.70832  4.58187  4.23897  5.88166  4.52439  5.86149  4.52346  7.11058  5.39801   7.27902  5.02029
  89.0  4.0346   3.70895  4.57775  4.23636  5.86196  4.50635  5.84223  4.51622  7.08524  5.35879   7.24252  4.99364
  88.0  4.03063  3.70956  4.57359  4.23366  5.84205  4.48813  5.82296  4.50906  7.0593   5.31866   7.20577  4.96837
  87.0  4.02667  3.71014  4.56941  4.23087  5.82192  4.46978  5.80369  4.50198  7.03275  5.27776   7.16882  4.94461
  86.0  4.02274  3.7107   4.5652   4.22799  5.80158  4.45131  5.78441  4.49501  7.00557  5.23624   7.1317   4.92247
  85.0  4.01881  3.71124  4.56096  4.22501  5.78101  4.43276  5.76513  4.48816  6.97773  5.1943    7.09444  4.90203
  84.0  4.0149   3.71175  4.55668  4.22192  5.76022  4.41417  5.74584  4.48144  6.94922  5.15217   7.05709  4.88336
  83.0  4.01101  3.71226  4.55237  4.21873  5.73921  4.3956   5.72655  4.47488  6.92005  5.11009   7.0197   4.86648
  82.0  4.00713  3.71275  4.54802  4.21543  5.71797  4.37711  5.70727  4.4685   6.8902   5.06835   6.98231  4.85141
  81.0  4.00327  3.71323  4.54363  4.21201  5.6965   4.35875  5.68799  4.46231  6.85968  5.02727   6.94496  4.83811
  80.0  3.99942  3.71371  4.5392   4.20847  5.67482  4.34062  5.66872  4.45633  6.8285   4.98718   6.90769  4.82653
  79.0  3.99558  3.71419  4.53473  4.20479  5.65292  4.32278  5.64946  4.45058  6.7967   4.94842   6.87055  4.81661
  78.0  3.99176  3.71467  4.53021  4.20098  5.6308   4.30534  5.63022  4.44508  6.76428  4.91133   6.83357  4.80823
  77.0  3.98795  3.71516  4.52564  4.19703  5.60849  4.28838  5.611    4.43985  6.73131  4.87625   6.79679  4.80128
  76.0  3.98416  3.71565  4.52102  4.19293  5.58599  4.27201  5.5918   4.43491  6.69783  4.8435    6.76025  4.7956
  75.0  3.98038  3.71616  4.51635  4.18868  5.5633   4.25633  5.57264  4.43026  6.66389  4.81335   6.72396  4.79103
  74.0  3.97662  3.71669  4.51162  4.18426  5.54046  4.24144  5.55351  4.42594  6.62957  4.78602   6.68795  4.78739
  73.0  3.97288  3.71723  4.50683  4.17966  5.51747  4.22745  5.53443  4.42194  6.59494  4.76169   6.65225  4.78449
  72.0  3.96915  3.71779  4.50197  4.17488  5.49436  4.21445  5.5154   4.41829  6.56008  4.74044   6.61685  4.78212
  71.0  3.96543  3.71838  4.49705  4.16991  5.47115  4.20254  5.49642  4.41499  6.52506  4.7223    6.58177  4.78007
  70.0  3.96174  3.71899  4.49205  4.16473  5.44787  4.1918   5.4775   4.41205  6.48998  4.70719   6.54701  4.7781
  69.0  3.95806  3.71963  4.48698  4.15934  5.42455  4.1823   5.45866  4.40947  6.4549   4.69499   6.51256  4.77598
  68.0  3.95439  3.72029  4.48182  4.15372  5.40121  4.1741   5.43989  4.40725  6.41991  4.68547   6.47841  4.77348
  67.0  3.95075  3.72098  4.47658  4.14786  5.37788  4.16724  5.4212   4.4054   6.38507  4.67834   6.44454  4.77035
  66.0  3.94712  3.72169  4.47125  4.14175  5.35461  4.16175  5.4026   4.40391  6.35044  4.67326   6.41093  4.76635
  65.0  3.94352  3.72243  4.46582  4.13536  5.33141  4.15765  5.3841   4.40278  6.31607  4.66983   6.37754  4.76122
  64.0  3.93993  3.72319  4.46029  4.12869  5.30833  4.15493  5.36571  4.40198  6.28198  4.66762   6.34434  4.75472
  63.0  3.93636  3.72396  4.45465  4.12171  5.2854   4.15356  5.34743  4.40151  6.24822  4.66616   6.31128  4.74661
  62.0  3.93282  3.72473  4.44889  4.11441  5.26265  4.15351  5.32926  4.40136  6.21477  4.66499   6.27831  4.73667
  61.0  3.92929  3.72551  4.443    4.10676  5.24011  4.15472  5.31122  4.4015   6.18165  4.66363   6.24538  4.72468
  60.0  3.92578  3.72628  4.43698  4.09875  5.2178   4.15713  5.2933   4.40191  6.14884  4.6616    6.21243  4.71045
  59.0  3.9223   3.72703  4.43082  4.09034  5.19577  4.16065  5.27552  4.40256  6.11629  4.65842   6.17937  4.69385
  58.0  3.91883  3.72775  4.4245   4.08152  5.17402  4.16521  5.25787  4.40343  6.08397  4.65366   6.14615  4.67477
  57.0  3.91538  3.72841  4.41802  4.07224  5.15259  4.1707   5.24037  4.40448  6.05183  4.64689   6.11268  4.6532
  56.0  3.91196  3.729    4.41136  4.06248  5.13149  4.17703  5.22301  4.40567  6.01979  4.63771   6.07889  4.62917
  55.0  3.90854  3.7295   4.40451  4.05221  5.11075  4.18408  5.2058   4.40698  5.98777  4.62576   6.04471  4.60287
  54.0  3.90515  3.72988  4.39745  4.04139  5.09037  4.19174  5.18873  4.40835  5.95569  4.61073   6.01006  4.57457
  53.0  3.90176  3.73011  4.39018  4.02997  5.07036  4.19991  5.17181  4.40975  5.92343  4.5924    5.97488  4.54467
  52.0  3.89839  3.73016  4.38267  4.01792  5.05075  4.20848  5.15504  4.41113  5.8909   4.57061   5.93913  4.51371
  51.0  3.89501  3.72997  4.3749   4.00519  5.03152  4.21733  5.13841  4.41245  5.85799  4.54533   5.90278  4.48234
  50.0  3.89164  3.72952  4.36685  3.99172  5.01268  4.22636  5.12192  4.41365  5.82456  4.51666   5.86582  4.4513
  49.0  3.88826  3.72874  4.3585   3.97746  4.99425  4.23545  5.10556  4.41468  5.79052  4.48491   5.82828  4.42136
  48.0  3.88487  3.72757  4.34983  3.96236  4.9762   4.24452  5.08934  4.4155   5.75577  4.45056   5.79019  4.3933
  47.0  3.88145  3.72595  4.3408   3.94634  4.95853  4.25344  5.07324  4.41605  5.72021  4.41434   5.75164  4.36785
  46.0  3.87799  3.72379  4.33139  3.92935  4.94125  4.26214  5.05725  4.41627  5.68379  4.37719   5.71273  4.3456
  45.0  3.87448  3.72101  4.32156  3.91133  4.92434  4.27052  5.04136  4.41613  5.64648  4.34022   5.67359  4.32704
  44.0  3.8709   3.7175   4.31127  3.89219  4.90778  4.27848  5.02556  4.41557  5.60831  4.30466   5.63436  4.31247
  43.0  3.86723  3.71316  4.30048  3.87187  4.89156  4.28593  5.00984  4.41455  5.56935  4.27173   5.59519  4.30206
  42.0  3.86345  3.70783  4.28914  3.8503   4.87566  4.2928   4.99418  4.41303  5.52972  4.24256   5.55623  4.29581
  41.0  3.85952  3.70139  4.27722  3.82741  4.86006  4.29899  4.97856  4.41099  5.48957  4.21805   5.51766  4.29361
  40.0  3.85541  3.69365  4.26464  3.80315  4.84475  4.30442  4.96297  4.40841  5.44911  4.19881   5.4796   4.29527
  39.0  3.85108  3.68441  4.25136  3.77747  4.82969  4.30902  4.94738  4.4053   5.40856  4.18512   5.4422   4.30049
  38.0  3.84648  3.67348  4.23731  3.75032  4.81485  4.31269  4.93179  4.40167  5.36815  4.17696   5.40559  4.30895
  37.0  3.84155  3.66058  4.22242  3.7217   4.80021  4.31536  4.91616  4.39756  5.3281   4.17404   5.36988  4.32028
  36.0  3.83621  3.64546  4.20662  3.69162  4.78573  4.31694  4.90049  4.39305  5.28863  4.17586   5.33516  4.33409
  35.0  3.83039  3.62779  4.18984  3.66012  4.77137  4.31735  4.88476  4.38823  5.24991  4.18179   5.3015   4.34994
  34.0  3.82397  3.60723  4.17199  3.62727  4.75709  4.31651  4.86895  4.38323  5.21209  4.19113   5.26896  4.3674
  33.0  3.81685  3.58343  4.153    3.59323  4.74284  4.31434  4.85307  4.37822  5.1753   4.20314   5.23758  4.38598
  32.0  3.80888  3.55598  4.1328   3.55816  4.72857  4.31075  4.8371   4.37336  5.13962  4.21709   5.20738  4.40519
  31.0  3.79988  3.5245   4.11131  3.5223   4.71422  4.30566  4.82107  4.36887  5.1051   4.23225   5.17837  4.42448
  30.0  3.78967  3.48862  4.08847  3.48596  4.69974  4.299    4.80497  4.36493  5.07175  4.24791   5.15051  4.44331
  29.0  3.77802  3.44802  4.06424  3.44946  4.68505  4.2907   4.78884  4.36173  5.03957  4.26334   5.12376  4.46111
  28.0  3.76467  3.40253  4.03856  3.4132   4.67007  4.28073  4.7727   4.35945  5.00851  4.27786   5.09805  4.47732
  27.0  3.74933  3.3522   4.01143  3.37758  4.65474  4.26906  4.75659  4.35818  4.9785   4.29072   5.0733   4.49141
  26.0  3.73169  3.29739  3.98286  3.343    4.63896  4.25576  4.74056  4.35801  4.94942  4.30118   5.04939  4.5029
  25.0  3.71145  3.23892  3.95286  3.30983  4.62265  4.24099  4.72466  4.35891  4.92113  4.30847   5.02618  4.51139
  24.0  3.68832  3.1782   3.9215   3.2784   4.60572  4.22509  4.70893  4.36084  4.89344  4.31185   5.00352  4.51666
  23.0  3.66209  3.11719  3.88885  3.24894  4.58813  4.20865  4.69341  4.36365  4.86613  4.3107    4.98125  4.51866
  22.0  3.63268  3.05839  3.85499  3.22159  4.56983  4.19262  4.67816  4.36716  4.83892  4.30475   4.95919  4.5176
  21.0  3.60018  3.00452  3.82004  3.19634  4.55086  4.17839  4.66321  4.37115  4.81154  4.29439   4.9372   4.51394
  20.0  3.56488  2.95807  3.7841   3.1731   4.53134  4.16768  4.64857  4.37535  4.78377  4.28111   4.91514  4.50837
  19.0  3.52729  2.9208   3.74727  3.15162  4.51152  4.1623   4.63425  4.37948  4.75547  4.26758   4.89291  4.50169
  18.0  3.48807  2.89331  3.70964  3.13154  4.49173  4.16358  4.62026  4.3832   4.7267   4.2569    4.87044  4.49454
  17.0  3.44791  2.87487  3.67127  3.11241  4.47243  4.17179  4.60656  4.38618  4.69772  4.25105   4.84772  4.48714
  16.0  3.40745  2.86348  3.63216  3.09369  4.45405  4.18583  4.59309  4.38796  4.66883  4.2495    4.82468  4.479
  15.0  3.36716  2.85613  3.5923   3.07484  4.43694  4.20337  4.57976  4.38796  4.64026  4.24941   4.8012   4.46832
  14.0  3.32718  2.84912  3.5516   3.05531  4.4213   4.22137  4.56643  4.38525  4.61195  4.24665   4.77689  4.45039
  13.0  3.28733  2.83839  3.50992  3.03469  4.40707  4.23651  4.5528   4.37793  4.58347  4.23633   4.75066  4.41176
  12.0  3.24697  2.81994  3.46708  3.01282  4.39395  4.24506  4.53831  4.36108  4.55382  4.21152   4.71887  4.30675
  11.0  3.20502  2.79056  3.4229   2.99002  4.38116  4.24107  4.52139  4.31485  4.52096  4.15953   4.66886  4.03156
  10.0  3.15998  2.74935  3.3772   2.96717  4.36684  4.20679  4.49395  4.10285  4.48057  4.05851   4.58585  3.83779