    0.0   5.8     3.46    2.72    1.0e8  0.0
    0.5   5.8     3.46    2.72    1.0e8  0.0
    1.0   5.8     3.46    2.72    1.0e8  0.0
    1.5   5.8     3.46    2.72    1.0e8  0.0
    2.0   5.8     3.46    2.72    1.0e8  0.0
    2.5   5.8     3.46    2.72    1.0e8  0.0
    3.0   5.8     3.46    2.72    1.0e8  0.0
    3.5   5.8     3.46    2.72    1.0e8  0.0
    4.0   5.8     3.46    2.72    1.0e8  0.0
    4.5   5.8     3.46    2.72    1.0e8  0.0
    5.0   5.8     3.46    2.72    1.0e8  0.0
    6.0   5.8     3.46    2.72    1.0e8  0.0
    7.0   5.8     3.46    2.72    1.0e8  0.0
    8.0   5.8     3.46    2.72    1.0e8  0.0
    9.0   5.8     3.46    2.72    1.0e8  0.0
   10.0   5.8     3.46    2.72    1.0e8  0.0
   11.0   5.8     3.46    2.72    1.0e8  0.0
   12.0   5.8     3.46    2.72    1.0e8  0.0
   13.0   5.8     3.46    2.72    1.0e8  0.0
   14.0   5.8     3.46    2.72    1.0e8  0.0
   15.0   5.8     3.46    2.72    1.0e8  0.0
   16.0   5.8     3.46    2.72    1.0e8  0.0
   17.0   5.8     3.46    2.72    1.0e8  0.0
   18.0   5.8     3.46    2.72    1.0e8  0.0
   19.0   5.8     3.46    2.72    1.0e8  0.0
   20.0   5.8     3.46    2.72    1.0e8  0.0
   21.0   6.5     3.85    2.92    1.0e8  0.0
   22.0   6.5     3.85    2.92    1.0e8  0.0
   23.0   6.5     3.85    2.92    1.0e8  0.0
   24.0   6.5     3.85    2.92    1.0e8  0.0
   25.0   6.5     3.85    2.92    1.0e8  0.0
   26.0   6.5     3.85    2.92    1.0e8  0.0
   27.0   6.5     3.85    2.92    1.0e8  0.0
   28.0   6.5     3.85    2.92    1.0e8  0.0
   29.0   6.5     3.85    2.92    1.0e8  0.0
   30.0   6.5     3.85    2.92    1.0e8  0.0
   31.0   6.5     3.85    2.92    1.0e8  0.0
   32.0   6.5     3.85    2.92    1.0e8  0.0
   33.0   6.5     3.85    2.92    1.0e8  0.0
   34.0   6.5     3.85    2.92    1.0e8  0.0
   35.0   6.5     3.85    2.92    1.0e8  0.0
   36.0   8.0425  4.485   3.3326  1.0e8  0.0
   37.0   8.0425  4.485   3.3326  1.0e8  0.0
   38.5   8.0425  4.485   3.3326  1.0e8  0.0
   40.0   8.0425  4.485   3.3326  1.0e8  0.0
   41.5   8.0425  4.485   3.3326  1.0e8  0.0
   43.0   8.0425  4.485   3.3326  1.0e8  0.0
   44.5   8.0425  4.485   3.3326  1.0e8  0.0
   46.0   8.0425  4.485   3.3326  1.0e8  0.0
   47.5   8.0425  4.485   3.3326  1.0e8  0.0
   49.0   8.0425  4.485   3.3326  1.0e8  0.0
   50.5   8.0425  4.485   3.3326  1.0e8  0.0
   52.0   8.0425  4.485   3.3326  1.0e8  0.0
   53.5   8.0425  4.485   3.3326  1.0e8  0.0
   55.0   8.0425  4.485   3.3326  1.0e8  0.0
   56.5   8.0425  4.485   3.3326  1.0e8  0.0
   58.0   8.0425  4.485   3.3326  1.0e8  0.0
   59.5   8.0425  4.485   3.3326  1.0e8  0.0
   61.0   8.0425  4.485   3.3326  1.0e8  0.0
   62.5   8.0425  4.485   3.3326  1.0e8  0.0
   64.0   8.0425  4.485   3.3326  1.0e8  0.0
   65.5   8.0425  4.485   3.3326  1.0e8  0.0
   67.0   8.0425  4.485   3.3326  1.0e8  0.0
   69.0   8.0425  4.485   3.3326  1.0e8  0.0
   71.0   8.0425  4.485   3.3326  1.0e8  0.0
   73.0   8.0425  4.485   3.3326  1.0e8  0.0
   75.0   8.0425  4.485   3.3326  1.0e8  0.0
   77.0   8.0425  4.485   3.3326  1.0e8  0.0
   79.0   8.0475  4.495   3.3584  1.0e8  0.0
   81.0   8.0475  4.495   3.3584  1.0e8  0.0
   83.0   8.0475  4.495   3.3584  1.0e8  0.0
   85.0   8.0475  4.495   3.3584  1.0e8  0.0
   87.0   8.0475  4.495   3.3584  1.0e8  0.0
   89.0   8.0475  4.495   3.3584  1.0e8  0.0
   91.0   8.0475  4.495   3.3584  1.0e8  0.0
   93.0   8.0475  4.495   3.3584  1.0e8  0.0
   95.0   8.0475  4.495   3.3584  1.0e8  0.0
   97.5   8.0475  4.495   3.3584  1.0e8  0.0
  100.0   8.0475  4.495   3.3584  1.0e8  0.0
  102.5   8.0475  4.495   3.3584  1.0e8  0.0
  105.0   8.0475  4.495   3.3584  1.0e8  0.0
  107.5   8.0475  4.495   3.3584  1.0e8  0.0
  110.0   8.0475  4.495   3.3584  1.0e8  0.0
  112.5   8.0475  4.495   3.3584  1.0e8  0.0
  115.0   8.0475  4.495   3.3584  1.0e8  0.0
  117.5   8.0475  4.495   3.3584  1.0e8  0.0
  120.0   8.0475  4.495   3.3584  1.0e8  0.0
  122.5   8.1123  4.5045  3.399   1.0e8  0.0
  125.1   8.1123  4.5045  3.399   1.0e8  0.0
  127.7   8.1123  4.5045  3.399   1.0e8  0.0
  130.4   8.1123  4.5045  3.399   1.0e8  0.0
  133.1   8.1123  4.5045  3.399   1.0e8  0.0
  135.9   8.1123  4.5045  3.399   1.0e8  0.0
  138.8   8.1123  4.5045  3.399   1.0e8  0.0
  141.7   8.1123  4.5045  3.399   1.0e8  0.0
  144.7   8.1123  4.5045  3.399   1.0e8  0.0
  147.7   8.1123  4.5045  3.399   1.0e8  0.0
  150.8   8.1123  4.5045  3.399   1.0e8  0.0
  154.0   8.1123  4.5045  3.399   1.0e8  0.0
  157.2   8.1123  4.5045  3.399   1.0e8  0.0
  160.5   8.1123  4.5045  3.399   1.0e8  0.0
  163.9   8.1123  4.5045  3.399   1.0e8  0.0
  167.3   8.2374  4.5137  3.3477  1.0e8  0.0
  170.8   8.2374  4.5137  3.3477  1.0e8  0.0
  174.4   8.2374  4.5137  3.3477  1.0e8  0.0
  178.0   8.2374  4.5137  3.3477  1.0e8  0.0
  181.7   8.2374  4.5137  3.3477  1.0e8  0.0
  185.5   8.2374  4.5137  3.3477  1.0e8  0.0
  189.4   8.2374  4.5137  3.3477  1.0e8  0.0
  193.3   8.2374  4.5137  3.3477  1.0e8  0.0
  197.3   8.2374  4.5137  3.3477  1.0e8  0.0
  201.4   8.2374  4.5137  3.3477  1.0e8  0.0
  205.6   8.2374  4.5137  3.3477  1.0e8  0.0
  209.9   8.2374  4.5137  3.3477  1.0e8  0.0
  214.2   8.3905  4.5634  3.3453  1.0e8  0.0
  218.6   8.3905  4.5634  3.3453  1.0e8  0.0
  223.1   8.3905  4.5634  3.3453  1.0e8  0.0
  227.7   8.3905  4.5634  3.3453  1.0e8  0.0
  232.4   8.3905  4.5634  3.3453  1.0e8  0.0
  237.2   8.3905  4.5634  3.3453  1.0e8  0.0
  242.1   8.3905  4.5634  3.3453  1.0e8  0.0
  247.1   8.3905  4.5634  3.3453  1.0e8  0.0
  252.2   8.3905  4.5634  3.3453  1.0e8  0.0
  257.4   8.3905  4.5634  3.3453  1.0e8  0.0
  262.7   8.5726  4.6525  3.3886  1.0e8  0.0
  268.1   8.5726  4.6525  3.3886  1.0e8  0.0
  273.6   8.5726  4.6525  3.3886  1.0e8  0.0
  279.2   8.5726  4.6525  3.3886  1.0e8  0.0
  284.9   8.5726  4.6525  3.3886  1.0e8  0.0
  290.8   8.5726  4.6525  3.3886  1.0e8  0.0
  296.8   8.5726  4.6525  3.3886  1.0e8  0.0
  302.9   8.5726  4.6525  3.3886  1.0e8  0.0
  309.1   8.5726  4.6525  3.3886  1.0e8  0.0
  315.5   8.7553  4.7394  3.4344  1.0e8  0.0
  322.0   8.7553  4.7394  3.4344  1.0e8  0.0
  328.6   8.7553  4.7394  3.4344  1.0e8  0.0
  335.3   8.7553  4.7394  3.4344  1.0e8  0.0
  342.2   8.7553  4.7394  3.4344  1.0e8  0.0
  349.2   8.7553  4.7394  3.4344  1.0e8  0.0
  356.4   8.7553  4.7394  3.4344  1.0e8  0.0
  363.7   8.938   4.8263  3.4822  1.0e8  0.0
  371.2   8.938   4.8263  3.4822  1.0e8  0.0
  378.8   8.938   4.8263  3.4822  1.0e8  0.0
  386.6   8.938   4.8263  3.4822  1.0e8  0.0
  394.5   8.938   4.8263  3.4822  1.0e8  0.0
  402.6   8.938   4.8263  3.4822  1.0e8  0.0
  410.8   9.4433  5.133   3.9295  1.0e8  0.0
  419.2   9.4433  5.133   3.9295  1.0e8  0.0
  427.8   9.4433  5.133   3.9295  1.0e8  0.0
  436.5   9.4433  5.133   3.9295  1.0e8  0.0
  445.4   9.4433  5.133   3.9295  1.0e8  0.0
  454.5   9.4433  5.133   3.9295  1.0e8  0.0
  463.8   9.6114  5.2388  3.9253  1.0e8  0.0
  473.3   9.6114  5.2388  3.9253  1.0e8  0.0
  483.0   9.6114  5.2388  3.9253  1.0e8  0.0
  492.9   9.6114  5.2388  3.9253  1.0e8  0.0
  503.0   9.6114  5.2388  3.9253  1.0e8  0.0
  513.3   9.7794  5.345   3.9225  1.0e8  0.0
  523.8   9.7794  5.345   3.9225  1.0e8  0.0
  534.5   9.7794  5.345   3.9225  1.0e8  0.0
  545.4   9.7794  5.345   3.9225  1.0e8  0.0
  556.5   9.7794  5.345   3.9225  1.0e8  0.0
  567.8   9.9473  5.4513  3.9212  1.0e8  0.0
  579.4   9.9473  5.4513  3.9212  1.0e8  0.0
  591.2   9.9473  5.4513  3.9212  1.0e8  0.0
  603.2   9.9473  5.4513  3.9212  1.0e8  0.0
  615.5  10.1153  5.557   3.9204  1.0e8  0.0
  628.0  10.1153  5.557   3.9204  1.0e8  0.0
  640.8  10.1153  5.557   3.9204  1.0e8  0.0
  653.8  10.1153  5.557   3.9204  1.0e8  0.0
  667.1  10.8562  6.0246  4.2687  1.0e8  0.0
  680.7  10.8562  6.0246  4.2687  1.0e8  0.0
  694.5  10.8562  6.0246  4.2687  1.0e8  0.0
  708.6  10.8562  6.0246  4.2687  1.0e8  0.0
  723.0  10.9883  6.1493  4.3275  1.0e8  0.0
  737.7  10.9883  6.1493  4.3275  1.0e8  0.0
  752.7  10.9883  6.1493  4.3275  1.0e8  0.0
  768.0  11.0953  6.2262  4.3842  1.0e8  0.0
  783.6  11.0953  6.2262  4.3842  1.0e8  0.0
  799.5  11.0953  6.2262  4.3842  1.0e8  0.0
  815.7  11.179   6.2611  4.4384  1.0e8  0.0
  832.3  11.179   6.2611  4.4384  1.0e8  0.0
  849.2  11.179   6.2611  4.4384  1.0e8  0.0
  866.4  11.2646  6.2981  4.4906  1.0e8  0.0
  884.0  11.2646  6.2981  4.4906  1.0e8  0.0
  902.0  11.2646  6.2981  4.4906  1.0e8  0.0
  920.3  11.3481  6.3341  4.5408  1.0e8  0.0
  939.0  11.3481  6.3341  4.5408  1.0e8  0.0
  958.1  11.4299  6.3689  4.579   1.0e8  0.0
  977.5  11.4299  6.3689  4.579   1.0e8  0.0
  997.3  11.4299  6.3689  4.579   1.0e8  0.0
 1017.5  11.5097  6.4021  4.6062  1.0e8  0.0
 1038.1  11.5097  6.4021  4.6062  1.0e8  0.0
 1059.2  11.5878  6.4348  4.6333  1.0e8  0.0
 1080.7  11.5878  6.4348  4.6333  1.0e8  0.0
 1102.6  11.5878  6.4348  4.6333  1.0e8  0.0
 1125.0  11.6641  6.4668  4.6601  1.0e8  0.0
 1147.8  11.6641  6.4668  4.6601  1.0e8  0.0
 1171.1  11.7393  6.4976  4.6868  1.0e8  0.0
 1194.8  11.7393  6.4976  4.6868  1.0e8  0.0
 1219.0  11.8128  6.5281  4.7134  1.0e8  0.0
 1243.7  11.8128  6.5281  4.7134  1.0e8  0.0
 1268.9  11.8848  6.5579  4.7397  1.0e8  0.0
 1294.6  11.8848  6.5579  4.7397  1.0e8  0.0
 1320.8  11.9549  6.5868  4.7659  1.0e8  0.0
 1347.6  11.9549  6.5868  4.7659  1.0e8  0.0
 1374.9  12.023   6.6147  4.792   1.0e8  0.0
 1402.8  12.023   6.6147  4.792   1.0e8  0.0
 1431.2  12.0908  6.6419  4.8179  1.0e8  0.0
 1460.2  12.1579  6.6683  4.8435  1.0e8  0.0
 1489.8  12.1579  6.6683  4.8435  1.0e8  0.0
 1520.0  12.2234  6.6941  4.8689  1.0e8  0.0
 1550.8  12.2234  6.6941  4.8689  1.0e8  0.0
 1582.2  12.2869  6.7196  4.8943  1.0e8  0.0
 1614.2  12.3496  6.7451  4.9195  1.0e8  0.0
 1646.9  12.3496  6.7451  4.9195  1.0e8  0.0
 1680.2  12.4119  6.7699  4.9445  1.0e8  0.0
 1714.2  12.4728  6.7938  4.9693  1.0e8  0.0
 1748.9  12.4728  6.7938  4.9693  1.0e8  0.0
 1784.3  12.5333  6.8172  4.9939  1.0e8  0.0
 1820.4  12.5931  6.8403  5.0184  1.0e8  0.0
 1857.3  12.6516  6.863   5.0427  1.0e8  0.0
 1894.9  12.6516  6.863   5.0427  1.0e8  0.0
 1933.3  12.7095  6.8857  5.0668  1.0e8  0.0
 1972.4  12.7669  6.9083  5.0908  1.0e8  0.0
 2012.3  12.8239  6.9305  5.1146  1.0e8  0.0
 2053.0  12.8808  6.952   5.1382  1.0e8  0.0
 2094.5  12.8808  6.952   5.1382  1.0e8  0.0
 2136.9  12.9377  6.9738  5.1616  1.0e8  0.0
 2180.1  12.9944  6.996   5.1848  1.0e8  0.0
 2224.2  13.0505  7.0177  5.2078  1.0e8  0.0
 2269.2  13.1061  7.0395  5.2306  1.0e8  0.0
 2315.1  13.1615  7.0613  5.2533  1.0e8  0.0
 2361.9  13.2179  7.0827  5.2758  1.0e8  0.0
 2409.7  13.274   7.1038  5.2981  1.0e8  0.0
 2458.4  13.33    7.1256  5.3202  1.0e8  0.0
 2508.1  13.3869  7.1476  5.3422  1.0e8  0.0
 2558.8  13.4448  7.1694  5.3639  1.0e8  0.0
 2610.6  13.5025  7.1917  5.3855  1.0e8  0.0
 2663.4  13.5604  7.2142  5.4069  1.0e8  0.0
 2717.3  13.6198  7.2369  5.4282  1.0e8  0.0
 2772.3  13.6516  7.2539  5.7065  1.0e8  0.0
 2828.4  13.6552  7.2646  5.7327  1.0e8  0.0
 2885.6  13.6585  7.2758  5.759   1.0e8  0.0
 2939.33 8.0191   0.000   9.9543  1.0e8  0.0
