    0.0    5.8      3.46     2.72     1.0e8  0.0
   20.0    5.85436  3.48639  2.74102  1.0e8  0.0
   20.0    5.85436  3.48639  2.74102  1.0e8  0.0
   35.0    5.89512  3.50619  2.75679  1.0e8  0.0
   35.0    5.89512  3.50619  2.75679  1.0e8  0.0
   77.5    6.01063  3.56227  2.80145  1.0e8  0.0
   77.5    6.01063  3.56227  2.80145  1.0e8  0.0
  120.0    6.12614  3.61836  2.84612  1.0e8  0.0
  120.0    6.12614  3.61836  2.84612  1.0e8  0.0
  165.0    6.24844  3.67774  2.89342  1.0e8  0.0
  165.0    6.24844  3.67774  2.89342  1.0e8  0.0
  210.0    6.37074  3.73713  2.94071  1.0e8  0.0
  210.0    6.37074  3.73713  2.94071  1.0e8  0.0
  260.0    6.50663  3.80311  2.99326  1.0e8  0.0
  260.0    6.50663  3.80311  2.99326  1.0e8  0.0
  310.0    6.64252  3.86909  3.04581  1.0e8  0.0
  310.0    6.64252  3.86909  3.04581  1.0e8  0.0
  360.0    6.77841  3.93508  3.09836  1.0e8  0.0
  360.0    6.77841  3.93508  3.09836  1.0e8  0.0
  410.0    6.9143   4.00106  3.15091  1.0e8  0.0
  410.0    6.9143   4.00106  3.15091  1.0e8  0.0
  460.0    7.05019  4.06704  3.20347  1.0e8  0.0
  460.0    7.05019  4.06704  3.20347  1.0e8  0.0
  510.0    7.18607  4.13303  3.25602  1.0e8  0.0
  510.0    7.18607  4.13303  3.25602  1.0e8  0.0
  560.0    7.32196  4.19901  3.30857  1.0e8  0.0
  560.0    7.32196  4.19901  3.30857  1.0e8  0.0
  610.0    7.45785  4.26499  3.36112  1.0e8  0.0
  610.0    7.45785  4.26499  3.36112  1.0e8  0.0
  660.0    7.59374  4.33098  3.41367  1.0e8  0.0
  660.0    7.59374  4.33098  3.41367  1.0e8  0.0
  710.0    7.72963  4.39696  3.46622  1.0e8  0.0
  710.0    7.72963  4.39696  3.46622  1.0e8  0.0
  760.0    7.86552  4.46294  3.51877  1.0e8  0.0
  760.0    7.86552  4.46294  3.51877  1.0e8  0.0
  809.5    8.00005  4.52827  3.57079  1.0e8  0.0
  809.5    8.00005  4.52827  3.57079  1.0e8  0.0
  859.0    8.13458  4.59359  3.62282  1.0e8  0.0
  859.0    8.13458  4.59359  3.62282  1.0e8  0.0
  908.5    8.26912  4.65891  3.67484  1.0e8  0.0
  908.5    8.26912  4.65891  3.67484  1.0e8  0.0
  958.0    8.40365  4.72424  3.72687  1.0e8  0.0
  958.0    8.40365  4.72424  3.72687  1.0e8  0.0
 1007.5    8.53818  4.78956  3.77889  1.0e8  0.0
 1007.5    8.53818  4.78956  3.77889  1.0e8  0.0
 1057.0    8.67271  4.85488  3.83092  1.0e8  0.0
 1057.0    8.67271  4.85488  3.83092  1.0e8  0.0
 1106.5    8.80724  4.9202   3.88294  1.0e8  0.0
 1106.5    8.80724  4.9202   3.88294  1.0e8  0.0
 1156.0    8.94177  4.98553  3.93497  1.0e8  0.0
 1156.0    8.94177  4.98553  3.93497  1.0e8  0.0
 1205.5    9.0763   5.05085  3.98699  1.0e8  0.0
 1205.5    9.0763   5.05085  3.98699  1.0e8  0.0
 1255.0    9.21083  5.11617  4.03902  1.0e8  0.0
 1255.0    9.21083  5.11617  4.03902  1.0e8  0.0
 1304.5    9.34536  5.1815   4.09104  1.0e8  0.0
 1304.5    9.34536  5.1815   4.09104  1.0e8  0.0
 1354.0    9.47989  5.24682  4.14307  1.0e8  0.0
 1354.0    9.47989  5.24682  4.14307  1.0e8  0.0
 1403.5    9.61442  5.31214  4.19509  1.0e8  0.0
 1403.5    9.61442  5.31214  4.19509  1.0e8  0.0
 1453.0    9.74895  5.37747  4.24712  1.0e8  0.0
 1453.0    9.74895  5.37747  4.24712  1.0e8  0.0
 1502.5    9.88348  5.44279  4.29914  1.0e8  0.0
 1502.5    9.88348  5.44279  4.29914  1.0e8  0.0
 1552.0   10.018    5.50811  4.35117  1.0e8  0.0
 1552.0   10.018    5.50811  4.35117  1.0e8  0.0
 1601.5   10.1525   5.57344  4.4032   1.0e8  0.0
 1601.5   10.1525   5.57344  4.4032   1.0e8  0.0
 1651.0   10.2871   5.63876  4.45522  1.0e8  0.0
 1651.0   10.2871   5.63876  4.45522  1.0e8  0.0
 1700.5   10.4216   5.70408  4.50725  1.0e8  0.0
 1700.5   10.4216   5.70408  4.50725  1.0e8  0.0
 1750.0   10.5561   5.76941  4.55927  1.0e8  0.0
 1750.0   10.5561   5.76941  4.55927  1.0e8  0.0
 1799.5   10.6907   5.83473  4.6113   1.0e8  0.0
 1799.5   10.6907   5.83473  4.6113   1.0e8  0.0
 1849.0   10.8252   5.90005  4.66332  1.0e8  0.0
 1849.0   10.8252   5.90005  4.66332  1.0e8  0.0
 1898.5   10.9597   5.96538  4.71535  1.0e8  0.0
 1898.5   10.9597   5.96538  4.71535  1.0e8  0.0
 1948.0   11.0943   6.0307   4.76737  1.0e8  0.0
 1948.0   11.0943   6.0307   4.76737  1.0e8  0.0
 1997.5   11.2288   6.09602  4.8194   1.0e8  0.0
 1997.5   11.2288   6.09602  4.8194   1.0e8  0.0
 2047.0   11.3633   6.16135  4.87142  1.0e8  0.0
 2047.0   11.3633   6.16135  4.87142  1.0e8  0.0
 2096.5   11.4979   6.22667  4.92345  1.0e8  0.0
 2096.5   11.4979   6.22667  4.92345  1.0e8  0.0
 2146.0   11.6324   6.29199  4.97547  1.0e8  0.0
 2146.0   11.6324   6.29199  4.97547  1.0e8  0.0
 2195.5   11.7669   6.35732  5.0275   1.0e8  0.0
 2195.5   11.7669   6.35732  5.0275   1.0e8  0.0
 2245.0   11.9014   6.42264  5.07952  1.0e8  0.0
 2245.0   11.9014   6.42264  5.07952  1.0e8  0.0
 2294.5   12.036    6.48796  5.13155  1.0e8  0.0
 2294.5   12.036    6.48796  5.13155  1.0e8  0.0
 2344.0   12.1705   6.55329  5.18357  1.0e8  0.0
 2344.0   12.1705   6.55329  5.18357  1.0e8  0.0
 2393.5   12.305    6.61861  5.2356   1.0e8  0.0
 2393.5   12.305    6.61861  5.2356   1.0e8  0.0
 2443.0   12.4396   6.68393  5.28762  1.0e8  0.0
 2443.0   12.4396   6.68393  5.28762  1.0e8  0.0
 2492.5   12.5741   6.74926  5.33965  1.0e8  0.0
 2492.5   12.5741   6.74926  5.33965  1.0e8  0.0
 2542.0   12.7086   6.81458  5.39167  1.0e8  0.0
 2542.0   12.7086   6.81458  5.39167  1.0e8  0.0
 2591.5   12.8432   6.8799   5.4437   1.0e8  0.0
 2591.5   12.8432   6.8799   5.4437   1.0e8  0.0
 2640.0   12.975    6.94391  5.49467  1.0e8  0.0
 2640.0   12.975    6.94391  5.49467  1.0e8  0.0
 2690.0   13.1109   7.00989  5.54722  1.0e8  0.0
 2690.0   13.1109   7.00989  5.54722  1.0e8  0.0
 2740.0   13.2468   7.07587  5.59977  1.0e8  0.0
 2740.0   13.2468   7.07587  5.59977  1.0e8  0.0
 2789.67  13.3817   7.14142  5.65198  1.0e8  0.0
 2789.67  13.3817   7.14142  5.65198  1.0e8  0.0
 2839.33  13.5167   7.20695  5.70417  1.0e8  0.0
 2839.33  13.5167   7.20695  5.70417  1.0e8  0.0
 2891.5   13.6585   7.2758   5.759    1.0e8  0.0
 2939.33   8.0191   0.0      9.9543   1.0e8  0.0