   -5.0    5.8      3.46     2.72     1.0e8  0.0
    1.0    5.80272  3.46132  2.72105  1.0e8  0.0
    3.0    5.80815  3.46396  2.72315  1.0e8  0.0
    5.0    5.81359  3.4666   2.72526  1.0e8  0.0
    7.0    5.81902  3.46924  2.72736  1.0e8  0.0
    9.0    5.82446  3.47188  2.72946  1.0e8  0.0
   11.0    5.8299   3.47452  2.73156  1.0e8  0.0
   13.0    5.83533  3.47716  2.73366  1.0e8  0.0
   15.0    5.84077  3.47979  2.73577  1.0e8  0.0
   17.0    5.8462   3.48243  2.73787  1.0e8  0.0
   19.0    5.85164  3.48507  2.73997  1.0e8  0.0
   21.0    5.85707  3.48771  2.74207  1.0e8  0.0
   23.0    5.86251  3.49035  2.74417  1.0e8  0.0
   25.0    5.86794  3.49299  2.74628  1.0e8  0.0
   27.0    5.87338  3.49563  2.74838  1.0e8  0.0
   29.0    5.87882  3.49827  2.75048  1.0e8  0.0
   31.0    5.88425  3.50091  2.75258  1.0e8  0.0
   33.0    5.88969  3.50355  2.75468  1.0e8  0.0
   35.0    5.89512  3.50619  2.75679  1.0e8  0.0
   37.0    5.90056  3.50883  2.75889  1.0e8  0.0
   39.0    5.90599  3.51147  2.76099  1.0e8  0.0
   41.0    5.91143  3.51411  2.76309  1.0e8  0.0
   43.0    5.91687  3.51675  2.76519  1.0e8  0.0
   45.0    5.9223   3.51938  2.7673   1.0e8  0.0
   47.0    5.92774  3.52202  2.7694   1.0e8  0.0
   49.0    5.93317  3.52466  2.7715   1.0e8  0.0
   51.0    5.93861  3.5273   2.7736   1.0e8  0.0
   53.0    5.94404  3.52994  2.7757   1.0e8  0.0
   55.0    5.94948  3.53258  2.77781  1.0e8  0.0
   57.0    5.95491  3.53522  2.77991  1.0e8  0.0
   59.0    5.96035  3.53786  2.78201  1.0e8  0.0
   61.0    5.96579  3.5405   2.78411  1.0e8  0.0
   63.0    5.97122  3.54314  2.78621  1.0e8  0.0
   65.0    5.97666  3.54578  2.78832  1.0e8  0.0
   67.0    5.98209  3.54842  2.79042  1.0e8  0.0
   69.0    5.98753  3.55106  2.79252  1.0e8  0.0
   71.0    5.99296  3.5537   2.79462  1.0e8  0.0
   73.0    5.9984   3.55634  2.79672  1.0e8  0.0
   75.0    6.00383  3.55897  2.79883  1.0e8  0.0
   77.0    6.00927  3.56161  2.80093  1.0e8  0.0
   79.0    6.01471  3.56425  2.80303  1.0e8  0.0
   81.0    6.02014  3.56689  2.80513  1.0e8  0.0
   83.0    6.02558  3.56953  2.80723  1.0e8  0.0
   85.0    6.03101  3.57217  2.80934  1.0e8  0.0
   87.0    6.03645  3.57481  2.81144  1.0e8  0.0
   89.0    6.04188  3.57745  2.81354  1.0e8  0.0
   91.0    6.04732  3.58009  2.81564  1.0e8  0.0
   93.0    6.05275  3.58273  2.81774  1.0e8  0.0
   95.0    6.05819  3.58537  2.81985  1.0e8  0.0
   97.0    6.06363  3.58801  2.82195  1.0e8  0.0
   99.0    6.06906  3.59065  2.82405  1.0e8  0.0
  101.0    6.0745   3.59329  2.82615  1.0e8  0.0
  103.0    6.07993  3.59593  2.82825  1.0e8  0.0
  105.0    6.08537  3.59856  2.83036  1.0e8  0.0
  107.0    6.0908   3.6012   2.83246  1.0e8  0.0
  109.0    6.09624  3.60384  2.83456  1.0e8  0.0
  111.0    6.10168  3.60648  2.83666  1.0e8  0.0
  113.0    6.10711  3.60912  2.83876  1.0e8  0.0
  115.0    6.11255  3.61176  2.84087  1.0e8  0.0
  117.0    6.11798  3.6144   2.84297  1.0e8  0.0
  119.0    6.12342  3.61704  2.84507  1.0e8  0.0
  121.0    6.12885  3.61968  2.84717  1.0e8  0.0
  123.0    6.13429  3.62232  2.84927  1.0e8  0.0
  125.0    6.13972  3.62496  2.85138  1.0e8  0.0
  127.0    6.14516  3.6276   2.85348  1.0e8  0.0
  129.0    6.1506   3.63024  2.85558  1.0e8  0.0
  131.0    6.15603  3.63288  2.85768  1.0e8  0.0
  133.0    6.16147  3.63551  2.85978  1.0e8  0.0
  135.0    6.1669   3.63815  2.86189  1.0e8  0.0
  137.0    6.17234  3.64079  2.86399  1.0e8  0.0
  139.0    6.17777  3.64343  2.86609  1.0e8  0.0
  141.0    6.18321  3.64607  2.86819  1.0e8  0.0
  143.0    6.18864  3.64871  2.87029  1.0e8  0.0
  145.0    6.19408  3.65135  2.8724   1.0e8  0.0
  147.0    6.19952  3.65399  2.8745   1.0e8  0.0
  149.0    6.20495  3.65663  2.8766   1.0e8  0.0
  151.0    6.21039  3.65927  2.8787   1.0e8  0.0
  153.0    6.21582  3.66191  2.8808   1.0e8  0.0
  155.0    6.22126  3.66455  2.88291  1.0e8  0.0
  157.0    6.22669  3.66719  2.88501  1.0e8  0.0
  159.0    6.23213  3.66983  2.88711  1.0e8  0.0
  161.0    6.23756  3.67247  2.88921  1.0e8  0.0
  163.0    6.243    3.6751   2.89131  1.0e8  0.0
  165.0    6.24844  3.67774  2.89342  1.0e8  0.0
  167.0    6.25387  3.68038  2.89552  1.0e8  0.0
  169.0    6.25931  3.68302  2.89762  1.0e8  0.0
  171.0    6.26474  3.68566  2.89972  1.0e8  0.0
  173.0    6.27018  3.6883   2.90183  1.0e8  0.0
  175.0    6.27561  3.69094  2.90393  1.0e8  0.0
  177.0    6.28105  3.69358  2.90603  1.0e8  0.0
  179.0    6.28649  3.69622  2.90813  1.0e8  0.0
  181.0    6.29192  3.69886  2.91023  1.0e8  0.0
  183.0    6.29736  3.7015   2.91234  1.0e8  0.0
  185.0    6.30279  3.70414  2.91444  1.0e8  0.0
  187.0    6.30823  3.70678  2.91654  1.0e8  0.0
  189.0    6.31366  3.70942  2.91864  1.0e8  0.0
  191.0    6.3191   3.71206  2.92074  1.0e8  0.0
  193.0    6.32453  3.71469  2.92285  1.0e8  0.0
  195.0    6.32997  3.71733  2.92495  1.0e8  0.0
  197.0    6.33541  3.71997  2.92705  1.0e8  0.0
  199.0    6.34084  3.72261  2.92915  1.0e8  0.0
  201.0    6.34628  3.72525  2.93125  1.0e8  0.0
  203.0    6.35171  3.72789  2.93336  1.0e8  0.0
  205.0    6.35715  3.73053  2.93546  1.0e8  0.0
  207.0    6.36258  3.73317  2.93756  1.0e8  0.0
  209.0    6.36802  3.73581  2.93966  1.0e8  0.0
  211.0    6.37345  3.73845  2.94176  1.0e8  0.0
  213.0    6.37889  3.74109  2.94387  1.0e8  0.0
  215.0    6.38433  3.74373  2.94597  1.0e8  0.0
  217.0    6.38976  3.74637  2.94807  1.0e8  0.0
  219.0    6.3952   3.74901  2.95017  1.0e8  0.0
  221.0    6.40063  3.75165  2.95227  1.0e8  0.0
  223.0    6.40607  3.75428  2.95438  1.0e8  0.0
  225.0    6.4115   3.75692  2.95648  1.0e8  0.0
  227.0    6.41694  3.75956  2.95858  1.0e8  0.0
  229.0    6.42237  3.7622   2.96068  1.0e8  0.0
  231.0    6.42781  3.76484  2.96278  1.0e8  0.0
  233.0    6.43325  3.76748  2.96489  1.0e8  0.0
  235.0    6.43868  3.77012  2.96699  1.0e8  0.0
  237.0    6.44412  3.77276  2.96909  1.0e8  0.0
  239.0    6.44955  3.7754   2.97119  1.0e8  0.0
  241.0    6.45499  3.77804  2.97329  1.0e8  0.0
  243.0    6.46042  3.78068  2.9754   1.0e8  0.0
  245.0    6.46586  3.78332  2.9775   1.0e8  0.0
  247.0    6.4713   3.78596  2.9796   1.0e8  0.0
  249.0    6.47673  3.7886   2.9817   1.0e8  0.0
  251.0    6.48217  3.79123  2.9838   1.0e8  0.0
  253.0    6.4876   3.79387  2.98591  1.0e8  0.0
  255.0    6.49304  3.79651  2.98801  1.0e8  0.0
  257.0    6.49847  3.79915  2.99011  1.0e8  0.0
  259.0    6.50391  3.80179  2.99221  1.0e8  0.0
  261.0    6.50934  3.80443  2.99431  1.0e8  0.0
  263.0    6.51478  3.80707  2.99642  1.0e8  0.0
  265.0    6.52022  3.80971  2.99852  1.0e8  0.0
  267.0    6.52565  3.81235  3.00062  1.0e8  0.0
  269.0    6.53109  3.81499  3.00272  1.0e8  0.0
  271.0    6.53652  3.81763  3.00482  1.0e8  0.0
  273.0    6.54196  3.82027  3.00693  1.0e8  0.0
  275.0    6.54739  3.82291  3.00903  1.0e8  0.0
  277.0    6.55283  3.82555  3.01113  1.0e8  0.0
  279.0    6.55826  3.82819  3.01323  1.0e8  0.0
  281.0    6.5637   3.83082  3.01533  1.0e8  0.0
  283.0    6.56914  3.83346  3.01744  1.0e8  0.0
  285.0    6.57457  3.8361   3.01954  1.0e8  0.0
  287.0    6.58001  3.83874  3.02164  1.0e8  0.0
  289.0    6.58544  3.84138  3.02374  1.0e8  0.0
  291.0    6.59088  3.84402  3.02584  1.0e8  0.0
  293.0    6.59631  3.84666  3.02795  1.0e8  0.0
  295.0    6.60175  3.8493   3.03005  1.0e8  0.0
  297.0    6.60718  3.85194  3.03215  1.0e8  0.0
  299.0    6.61262  3.85458  3.03425  1.0e8  0.0
  301.0    6.61806  3.85722  3.03635  1.0e8  0.0
  303.0    6.62349  3.85986  3.03846  1.0e8  0.0
  305.0    6.62893  3.8625   3.04056  1.0e8  0.0
  307.0    6.63436  3.86514  3.04266  1.0e8  0.0
  309.0    6.6398   3.86778  3.04476  1.0e8  0.0
  311.0    6.64523  3.87041  3.04686  1.0e8  0.0
  313.0    6.65067  3.87305  3.04897  1.0e8  0.0
  315.0    6.6561   3.87569  3.05107  1.0e8  0.0
  317.0    6.66154  3.87833  3.05317  1.0e8  0.0
  319.0    6.66698  3.88097  3.05527  1.0e8  0.0
  321.0    6.67241  3.88361  3.05737  1.0e8  0.0
  323.0    6.67785  3.88625  3.05948  1.0e8  0.0
  325.0    6.68328  3.88889  3.06158  1.0e8  0.0
  327.0    6.68872  3.89153  3.06368  1.0e8  0.0
  329.0    6.69415  3.89417  3.06578  1.0e8  0.0
  331.0    6.69959  3.89681  3.06788  1.0e8  0.0
  333.0    6.70503  3.89945  3.06999  1.0e8  0.0
  335.0    6.71046  3.90209  3.07209  1.0e8  0.0
  337.0    6.7159   3.90473  3.07419  1.0e8  0.0
  339.0    6.72133  3.90737  3.07629  1.0e8  0.0
  341.0    6.72677  3.91     3.07839  1.0e8  0.0
  343.0    6.7322   3.91264  3.0805   1.0e8  0.0
  345.0    6.73764  3.91528  3.0826   1.0e8  0.0
  347.0    6.74307  3.91792  3.0847   1.0e8  0.0
  349.0    6.74851  3.92056  3.0868   1.0e8  0.0
  351.0    6.75395  3.9232   3.08891  1.0e8  0.0
  353.0    6.75938  3.92584  3.09101  1.0e8  0.0
  355.0    6.76482  3.92848  3.09311  1.0e8  0.0
  357.0    6.77025  3.93112  3.09521  1.0e8  0.0
  359.0    6.77569  3.93376  3.09731  1.0e8  0.0
  361.0    6.78112  3.9364   3.09942  1.0e8  0.0
  363.0    6.78656  3.93904  3.10152  1.0e8  0.0
  365.0    6.79199  3.94168  3.10362  1.0e8  0.0
  367.0    6.79743  3.94432  3.10572  1.0e8  0.0
  369.0    6.80287  3.94695  3.10782  1.0e8  0.0
  371.0    6.8083   3.94959  3.10993  1.0e8  0.0
  373.0    6.81374  3.95223  3.11203  1.0e8  0.0
  375.0    6.81917  3.95487  3.11413  1.0e8  0.0
  377.0    6.82461  3.95751  3.11623  1.0e8  0.0
  379.0    6.83004  3.96015  3.11833  1.0e8  0.0
  381.0    6.83548  3.96279  3.12044  1.0e8  0.0
  383.0    6.84091  3.96543  3.12254  1.0e8  0.0
  385.0    6.84635  3.96807  3.12464  1.0e8  0.0
  387.0    6.85179  3.97071  3.12674  1.0e8  0.0
  389.0    6.85722  3.97335  3.12884  1.0e8  0.0
  391.0    6.86266  3.97599  3.13095  1.0e8  0.0
  393.0    6.86809  3.97863  3.13305  1.0e8  0.0
  395.0    6.87353  3.98127  3.13515  1.0e8  0.0
  397.0    6.87896  3.98391  3.13725  1.0e8  0.0
  399.0    6.8844   3.98654  3.13935  1.0e8  0.0
  401.0    6.88984  3.98918  3.14146  1.0e8  0.0
  410.0    6.9143   4.00106  3.15091  1.0e8  0.0
  420.0    6.94147  4.01426  3.16142  1.0e8  0.0
  435.0    6.98224  4.03405  3.17719  1.0e8  0.0
  460.0    7.05019  4.06704  3.20347  1.0e8  0.0
  485.0    7.11813  4.10004  3.22974  1.0e8  0.0
  510.0    7.18607  4.13303  3.25602  1.0e8  0.0
  535.0    7.25402  4.16602  3.28229  1.0e8  0.0
  560.0    7.32196  4.19901  3.30857  1.0e8  0.0
  585.0    7.38991  4.232    3.33484  1.0e8  0.0
  610.0    7.45785  4.26499  3.36112  1.0e8  0.0
  635.0    7.5258   4.29798  3.38739  1.0e8  0.0
  650.0    7.56657  4.31778  3.40316  1.0e8  0.0
  660.0    7.59374  4.33098  3.41367  1.0e8  0.0
  660.0    7.59374  4.33098  3.41367  1.0e8  0.0
  710.0    7.72963  4.39696  3.46622  1.0e8  0.0
  710.0    7.72963  4.39696  3.46622  1.0e8  0.0
  760.0    7.86552  4.46294  3.51877  1.0e8  0.0
  760.0    7.86552  4.46294  3.51877  1.0e8  0.0
  809.5    8.00005  4.52827  3.57079  1.0e8  0.0
  809.5    8.00005  4.52827  3.57079  1.0e8  0.0
  859.0    8.13458  4.59359  3.62282  1.0e8  0.0
  859.0    8.13458  4.59359  3.62282  1.0e8  0.0
  908.5    8.26912  4.65891  3.67484  1.0e8  0.0
  908.5    8.26912  4.65891  3.67484  1.0e8  0.0
  958.0    8.40365  4.72424  3.72687  1.0e8  0.0
  958.0    8.40365  4.72424  3.72687  1.0e8  0.0
 1007.5    8.53818  4.78956  3.77889  1.0e8  0.0
 1007.5    8.53818  4.78956  3.77889  1.0e8  0.0
 1057.0    8.67271  4.85488  3.83092  1.0e8  0.0
 1057.0    8.67271  4.85488  3.83092  1.0e8  0.0
 1106.5    8.80724  4.9202   3.88294  1.0e8  0.0
 1106.5    8.80724  4.9202   3.88294  1.0e8  0.0
 1156.0    8.94177  4.98553  3.93497  1.0e8  0.0
 1156.0    8.94177  4.98553  3.93497  1.0e8  0.0
 1205.5    9.0763   5.05085  3.98699  1.0e8  0.0
 1205.5    9.0763   5.05085  3.98699  1.0e8  0.0
 1255.0    9.21083  5.11617  4.03902  1.0e8  0.0
 1255.0    9.21083  5.11617  4.03902  1.0e8  0.0
 1304.5    9.34536  5.1815   4.09104  1.0e8  0.0
 1304.5    9.34536  5.1815   4.09104  1.0e8  0.0
 1354.0    9.47989  5.24682  4.14307  1.0e8  0.0
 1354.0    9.47989  5.24682  4.14307  1.0e8  0.0
 1403.5    9.61442  5.31214  4.19509  1.0e8  0.0
 1403.5    9.61442  5.31214  4.19509  1.0e8  0.0
 1453.0    9.74895  5.37747  4.24712  1.0e8  0.0
 1453.0    9.74895  5.37747  4.24712  1.0e8  0.0
 1502.5    9.88348  5.44279  4.29914  1.0e8  0.0
 1502.5    9.88348  5.44279  4.29914  1.0e8  0.0
 1552.0   10.018    5.50811  4.35117  1.0e8  0.0
 1552.0   10.018    5.50811  4.35117  1.0e8  0.0
 1601.5   10.1525   5.57344  4.4032   1.0e8  0.0
 1601.5   10.1525   5.57344  4.4032   1.0e8  0.0
 1651.0   10.2871   5.63876  4.45522  1.0e8  0.0
 1651.0   10.2871   5.63876  4.45522  1.0e8  0.0
 1700.5   10.4216   5.70408  4.50725  1.0e8  0.0
 1700.5   10.4216   5.70408  4.50725  1.0e8  0.0
 1750.0   10.5561   5.76941  4.55927  1.0e8  0.0
 1750.0   10.5561   5.76941  4.55927  1.0e8  0.0
 1799.5   10.6907   5.83473  4.6113   1.0e8  0.0
 1799.5   10.6907   5.83473  4.6113   1.0e8  0.0
 1849.0   10.8252   5.90005  4.66332  1.0e8  0.0
 1849.0   10.8252   5.90005  4.66332  1.0e8  0.0
 1898.5   10.9597   5.96538  4.71535  1.0e8  0.0
 1898.5   10.9597   5.96538  4.71535  1.0e8  0.0
 1948.0   11.0943   6.0307   4.76737  1.0e8  0.0
 1948.0   11.0943   6.0307   4.76737  1.0e8  0.0
 1997.5   11.2288   6.09602  4.8194   1.0e8  0.0
 1997.5   11.2288   6.09602  4.8194   1.0e8  0.0
 2047.0   11.3633   6.16135  4.87142  1.0e8  0.0
 2047.0   11.3633   6.16135  4.87142  1.0e8  0.0
 2096.5   11.4979   6.22667  4.92345  1.0e8  0.0
 2096.5   11.4979   6.22667  4.92345  1.0e8  0.0
 2146.0   11.6324   6.29199  4.97547  1.0e8  0.0
 2146.0   11.6324   6.29199  4.97547  1.0e8  0.0
 2195.5   11.7669   6.35732  5.0275   1.0e8  0.0
 2195.5   11.7669   6.35732  5.0275   1.0e8  0.0
 2245.0   11.9014   6.42264  5.07952  1.0e8  0.0
 2245.0   11.9014   6.42264  5.07952  1.0e8  0.0
 2294.5   12.036    6.48796  5.13155  1.0e8  0.0
 2294.5   12.036    6.48796  5.13155  1.0e8  0.0
 2344.0   12.1705   6.55329  5.18357  1.0e8  0.0
 2344.0   12.1705   6.55329  5.18357  1.0e8  0.0
 2393.5   12.305    6.61861  5.2356   1.0e8  0.0
 2393.5   12.305    6.61861  5.2356   1.0e8  0.0
 2443.0   12.4396   6.68393  5.28762  1.0e8  0.0
 2443.0   12.4396   6.68393  5.28762  1.0e8  0.0
 2492.5   12.5741   6.74926  5.33965  1.0e8  0.0
 2492.5   12.5741   6.74926  5.33965  1.0e8  0.0
 2542.0   12.7086   6.81458  5.39167  1.0e8  0.0
 2542.0   12.7086   6.81458  5.39167  1.0e8  0.0
 2591.5   12.8432   6.8799   5.4437   1.0e8  0.0
 2591.5   12.8432   6.8799   5.4437   1.0e8  0.0
 2640.0   12.975    6.94391  5.49467  1.0e8  0.0
 2640.0   12.975    6.94391  5.49467  1.0e8  0.0
 2690.0   13.1109   7.00989  5.54722  1.0e8  0.0
 2690.0   13.1109   7.00989  5.54722  1.0e8  0.0
 2740.0   13.2468   7.07587  5.59977  1.0e8  0.0
 2740.0   13.2468   7.07587  5.59977  1.0e8  0.0
 2789.67  13.3817   7.14142  5.65198  1.0e8  0.0
 2789.67  13.3817   7.14142  5.65198  1.0e8  0.0
 2839.33  13.5167   7.20695  5.70417  1.0e8  0.0
 2839.33  13.5167   7.20695  5.70417  1.0e8  0.0
 2891.5   13.6585   7.2758   5.759    1.0e8  0.0
 2939.33   8.0191   0.0      9.9543   1.0e8  0.0